POOLED exp1 over 3 seeds (T=3000 trials/cell). z = mean(err_x^2 - err_raw^2)/SE

           arm      n     d |  rmse_raw rmse_clip  rmse_tpm |  dCLIP%   dTPM% |   z_clip    z_tpm |  bind%
----------------------------------------------------------------------------------------------------------
    ideal-prng   2000  1.00 |   0.03305   0.02161   0.03049 |   34.62    7.74 |   -24.32    -5.75 |  52.23
    ideal-prng   2000  1.02 |   0.03209   0.02379   0.02338 |   25.88   27.16 |   -20.08   -18.74 |  28.23
    ideal-prng   2000  1.10 |   0.03242   0.03233   0.03012 |    0.27    7.08 |    -2.32   -16.39 |   0.30
    ideal-prng   2000  2.00 |   0.03250   0.03250   0.03261 |    0.00   -0.33 |     0.00     5.49 |   0.00
    ideal-prng   8000  1.00 |   0.03002   0.02122   0.03053 |   29.32   -1.69 |   -24.01     1.44 |  49.47
    ideal-prng   8000  1.02 |   0.03028   0.02353   0.02354 |   22.29   22.24 |   -19.25   -16.72 |  25.47
    ideal-prng   8000  1.10 |   0.03024   0.03021   0.02838 |    0.12    6.15 |    -1.23   -16.44 |   0.10
    ideal-prng   8000  2.00 |   0.03138   0.03138   0.03141 |    0.00   -0.11 |     0.00     1.71 |   0.00
    ideal-prng  32000  1.00 |   0.03247   0.02255   0.03128 |   30.56    3.66 |   -23.99    -2.99 |  48.27
    ideal-prng  32000  1.02 |   0.03166   0.02480   0.02467 |   21.69   22.10 |   -18.38   -16.63 |  26.60
    ideal-prng  32000  1.10 |   0.03187   0.03184   0.02987 |    0.08    6.25 |    -1.60   -17.07 |   0.13
    ideal-prng  32000  2.00 |   0.03252   0.03252   0.03258 |    0.00   -0.21 |     0.00     3.47 |   0.00
   words-xxh64   2000  1.00 |   0.03221   0.02218   0.03102 |   31.13    3.68 |   -23.43    -2.90 |  50.57
   words-xxh64   2000  1.02 |   0.03264   0.02425   0.02392 |   25.71   26.71 |   -20.35   -18.83 |  27.60
   words-xxh64   2000  1.10 |   0.03264   0.03256   0.03029 |    0.24    7.19 |    -1.65   -17.06 |   0.17
   words-xxh64   2000  2.00 |   0.03290   0.03290   0.03298 |    0.00   -0.25 |     0.00     4.24 |   0.00
   words-xxh64   8000  1.00 |   0.03081   0.01970   0.02934 |   36.06    4.78 |   -23.82    -3.40 |  52.37
   words-xxh64   8000  1.02 |   0.03143   0.02361   0.02331 |   24.88   25.82 |   -20.39   -18.58 |  27.80
   words-xxh64   8000  1.10 |   0.03070   0.03065   0.02854 |    0.17    7.02 |    -1.79   -16.32 |   0.17
   words-xxh64   8000  2.00 |   0.03053   0.03053   0.03066 |    0.00   -0.43 |     0.00     6.72 |   0.00
   words-xxh64  32000  1.00 |   0.03076   0.02054   0.03001 |   33.21    2.42 |   -24.05    -1.86 |  49.93
   words-xxh64  32000  1.02 |   0.03048   0.02363   0.02368 |   22.49   22.32 |   -20.26   -17.33 |  25.57
   words-xxh64  32000  1.10 |   0.03027   0.03023   0.02834 |    0.12    6.37 |    -1.22   -16.96 |   0.07
   words-xxh64  32000  2.00 |   0.03168   0.03168   0.03180 |    0.00   -0.39 |     0.00     6.27 |   0.00
    words-mmh3   2000  1.00 |   0.03248   0.02165   0.03055 |   33.34    5.94 |   -23.68    -4.46 |  52.33
    words-mmh3   2000  1.02 |   0.03239   0.02429   0.02406 |   24.99   25.72 |   -17.57   -16.50 |  27.13
    words-mmh3   2000  1.10 |   0.03241   0.03240   0.03003 |    0.03    7.33 |    -1.48   -18.14 |   0.10
    words-mmh3   2000  2.00 |   0.03207   0.03207   0.03218 |    0.00   -0.32 |     0.00     5.26 |   0.00
    words-mmh3   8000  1.00 |   0.03060   0.02147   0.03071 |   29.84   -0.34 |   -22.74     0.28 |  48.90
    words-mmh3   8000  1.02 |   0.03058   0.02411   0.02425 |   21.15   20.71 |   -17.53   -15.25 |  23.73
    words-mmh3   8000  1.10 |   0.02958   0.02954   0.02787 |    0.16    5.80 |    -1.31   -15.28 |   0.10
    words-mmh3   8000  2.00 |   0.03012   0.03012   0.03018 |    0.00   -0.18 |     0.00     2.77 |   0.00
    words-mmh3  32000  1.00 |   0.03219   0.02518   0.03340 |   21.76   -3.78 |   -21.23     3.75 |  43.17
    words-mmh3  32000  1.02 |   0.03138   0.02675   0.02697 |   14.77   14.06 |   -17.99   -14.45 |  22.90
    words-mmh3  32000  1.10 |   0.03193   0.03193   0.03031 |    0.00    5.09 |     0.00   -18.37 |   0.00
    words-mmh3  32000  2.00 |   0.03058   0.03058   0.03049 |    0.00    0.31 |     0.00    -5.04 |   0.00
  words-sha256   2000  1.00 |   0.03232   0.02185   0.03077 |   32.40    4.77 |   -23.23    -3.62 |  51.50
  words-sha256   2000  1.02 |   0.03222   0.02407   0.02382 |   25.30   26.08 |   -19.66   -18.10 |  27.40
  words-sha256   2000  1.10 |   0.03264   0.03245   0.03032 |    0.60    7.10 |    -2.55   -13.77 |   0.33
  words-sha256   2000  2.00 |   0.03218   0.03218   0.03230 |    0.00   -0.38 |     0.00     6.23 |   0.00
  words-sha256   8000  1.00 |   0.03056   0.02191   0.03100 |   28.30   -1.44 |   -23.29     1.24 |  47.60
  words-sha256   8000  1.02 |   0.03044   0.02422   0.02432 |   20.43   20.10 |   -18.52   -15.87 |  25.00
  words-sha256   8000  1.10 |   0.03033   0.03030   0.02852 |    0.11    5.97 |    -1.59   -16.32 |   0.10
  words-sha256   8000  2.00 |   0.03058   0.03058   0.03060 |    0.00   -0.08 |     0.00     1.26 |   0.00
  words-sha256  32000  1.00 |   0.03112   0.02129   0.03047 |   31.58    2.08 |   -24.28    -1.67 |  50.37
  words-sha256  32000  1.02 |   0.03222   0.02519   0.02497 |   21.83   22.52 |   -19.28   -17.56 |  27.50
  words-sha256  32000  1.10 |   0.03150   0.03139   0.02936 |    0.33    6.79 |    -1.89   -15.03 |   0.20
  words-sha256  32000  2.00 |   0.03087   0.03087   0.03093 |    0.00   -0.20 |     0.00     3.10 |   0.00
    urls-xxh64   2000  1.00 |   0.03245   0.02173   0.03063 |   33.04    5.59 |   -23.43    -4.20 |  51.97
    urls-xxh64   2000  1.02 |   0.03323   0.02460   0.02425 |   25.96   27.01 |   -20.56   -19.12 |  27.70
    urls-xxh64   2000  1.10 |   0.03302   0.03288   0.03039 |    0.43    7.96 |    -2.02   -15.18 |   0.30
    urls-xxh64   2000  2.00 |   0.03306   0.03306   0.03317 |    0.00   -0.36 |     0.00     6.03 |   0.00
    urls-xxh64   8000  1.00 |   0.03029   0.02150   0.03077 |   29.01   -1.58 |   -23.43     1.34 |  48.43
    urls-xxh64   8000  1.02 |   0.03136   0.02462   0.02474 |   21.48   21.10 |   -18.59   -16.14 |  24.63
    urls-xxh64   8000  1.10 |   0.03004   0.03004   0.02827 |    0.01    5.90 |    -1.00   -17.67 |   0.03
    urls-xxh64   8000  2.00 |   0.03054   0.03054   0.03057 |    0.00   -0.09 |     0.00     1.48 |   0.00
    urls-xxh64  32000  1.00 |   0.03054   0.01985   0.02949 |   35.00    3.44 |   -24.76    -2.59 |  52.03
    urls-xxh64  32000  1.02 |   0.03139   0.02337   0.02293 |   25.55   26.95 |   -20.47   -18.98 |  28.63
    urls-xxh64  32000  1.10 |   0.03107   0.03103   0.02875 |    0.12    7.46 |    -1.77   -16.54 |   0.20
    urls-xxh64  32000  2.00 |   0.03147   0.03147   0.03159 |    0.00   -0.38 |     0.00     6.17 |   0.00
     urls-mmh3   2000  1.00 |   0.03300   0.02253   0.03116 |   31.73    5.57 |   -23.67    -4.36 |  51.27
     urls-mmh3   2000  1.02 |   0.03310   0.02499   0.02472 |   24.49   25.31 |   -19.49   -18.08 |  27.57
     urls-mmh3   2000  1.10 |   0.03215   0.03211   0.03006 |    0.15    6.53 |    -1.84   -16.93 |   0.17
     urls-mmh3   2000  2.00 |   0.03301   0.03301   0.03311 |    0.00   -0.30 |     0.00     5.09 |   0.00
     urls-mmh3   8000  1.00 |   0.03081   0.02146   0.03068 |   30.35    0.41 |   -22.79    -0.33 |  48.67
     urls-mmh3   8000  1.02 |   0.03004   0.02376   0.02385 |   20.89   20.59 |   -18.67   -15.97 |  24.77
     urls-mmh3   8000  1.10 |   0.03008   0.03005   0.02827 |    0.11    6.03 |    -1.36   -16.48 |   0.07
     urls-mmh3   8000  2.00 |   0.03019   0.03019   0.03020 |    0.00   -0.03 |     0.00     0.45 |   0.00
     urls-mmh3  32000  1.00 |   0.03156   0.02358   0.03222 |   25.30   -2.07 |   -22.05     1.87 |  45.77
     urls-mmh3  32000  1.02 |   0.03109   0.02561   0.02592 |   17.63   16.64 |   -18.50   -15.01 |  23.17
     urls-mmh3  32000  1.10 |   0.03082   0.03079   0.02901 |    0.12    5.88 |    -1.53   -15.19 |   0.17
     urls-mmh3  32000  2.00 |   0.03098   0.03098   0.03093 |    0.00    0.14 |     0.00    -2.29 |   0.00
   urls-sha256   2000  1.00 |   0.03254   0.02192   0.03078 |   32.65    5.41 |   -24.19    -4.21 |  50.67
   urls-sha256   2000  1.02 |   0.03223   0.02440   0.02415 |   24.28   25.08 |   -20.17   -18.43 |  27.13
   urls-sha256   2000  1.10 |   0.03249   0.03244   0.03020 |    0.16    7.06 |    -1.84   -17.46 |   0.13
   urls-sha256   2000  2.00 |   0.03183   0.03183   0.03191 |    0.00   -0.27 |     0.00     4.43 |   0.00
   urls-sha256   8000  1.00 |   0.03049   0.02071   0.03019 |   32.09    1.00 |   -22.81    -0.76 |  49.60
   urls-sha256   8000  1.02 |   0.03099   0.02406   0.02386 |   22.38   23.00 |   -20.03   -17.85 |  27.40
   urls-sha256   8000  1.10 |   0.03020   0.03017   0.02817 |    0.09    6.71 |    -1.88   -15.93 |   0.17
   urls-sha256   8000  2.00 |   0.03055   0.03055   0.03062 |    0.00   -0.22 |     0.00     3.50 |   0.00
   urls-sha256  32000  1.00 |   0.03069   0.02270   0.03166 |   26.04   -3.17 |   -22.91     2.88 |  45.60
   urls-sha256  32000  1.02 |   0.03102   0.02532   0.02551 |   18.36   17.75 |   -18.23   -15.28 |  24.53
   urls-sha256  32000  1.10 |   0.03081   0.03077   0.02902 |    0.14    5.82 |    -1.55   -15.58 |   0.10
   urls-sha256  32000  2.00 |   0.03093   0.03093   0.03090 |    0.00    0.10 |     0.00    -1.58 |   0.00
    ints-xxh64   2000  1.00 |   0.03183   0.02112   0.03031 |   33.64    4.77 |   -22.59    -3.43 |  50.40
    ints-xxh64   2000  1.02 |   0.03234   0.02448   0.02403 |   24.30   25.69 |   -20.04   -18.76 |  28.27
    ints-xxh64   2000  1.10 |   0.03256   0.03251   0.03011 |    0.15    7.52 |    -2.22   -17.14 |   0.23
    ints-xxh64   2000  2.00 |   0.03250   0.03250   0.03261 |    0.00   -0.32 |     0.00     5.37 |   0.00
    ints-xxh64   8000  1.00 |   0.03046   0.02307   0.03198 |   24.26   -5.00 |   -22.06     4.67 |  44.83
    ints-xxh64   8000  1.02 |   0.03000   0.02511   0.02571 |   16.30   14.28 |   -15.83   -12.18 |  20.70
    ints-xxh64   8000  1.10 |   0.03049   0.03044   0.02889 |    0.17    5.26 |    -1.74   -15.10 |   0.13
    ints-xxh64   8000  2.00 |   0.02976   0.02976   0.02971 |    0.00    0.20 |     0.00    -3.02 |   0.00
    ints-xxh64  32000  1.00 |   0.03269   0.02612   0.03413 |   20.12   -4.40 |   -20.11     4.48 |  40.80
    ints-xxh64  32000  1.02 |   0.03249   0.02842   0.02892 |   12.51   10.98 |   -16.99   -12.64 |  20.07
    ints-xxh64  32000  1.10 |   0.03173   0.03172   0.03037 |    0.01    4.28 |    -1.00   -17.94 |   0.03
    ints-xxh64  32000  2.00 |   0.03193   0.03193   0.03172 |    0.00    0.65 |     0.00   -11.18 |   0.00
     ints-mmh3   2000  1.00 |   0.03164   0.02059   0.02994 |   34.93    5.37 |   -23.96    -3.92 |  52.47
     ints-mmh3   2000  1.02 |   0.03225   0.02476   0.02453 |   23.23   23.96 |   -20.58   -18.58 |  27.20
     ints-mmh3   2000  1.10 |   0.03298   0.03283   0.03047 |    0.47    7.60 |    -2.63   -15.39 |   0.33
     ints-mmh3   2000  2.00 |   0.03247   0.03247   0.03256 |    0.00   -0.30 |     0.00     4.97 |   0.00
     ints-mmh3   8000  1.00 |   0.03019   0.02186   0.03107 |   27.58   -2.92 |   -23.09     2.54 |  47.23
     ints-mmh3   8000  1.02 |   0.03056   0.02426   0.02444 |   20.60   20.01 |   -19.34   -16.22 |  24.20
     ints-mmh3   8000  1.10 |   0.03030   0.03026   0.02840 |    0.15    6.27 |    -1.37   -15.63 |   0.10
     ints-mmh3   8000  2.00 |   0.03026   0.03026   0.03028 |    0.00   -0.07 |     0.00     1.06 |   0.00
     ints-mmh3  32000  1.00 |   0.03209   0.02222   0.03103 |   30.76    3.29 |   -24.11    -2.69 |  48.90
     ints-mmh3  32000  1.02 |   0.03088   0.02443   0.02438 |   20.87   21.03 |   -19.61   -17.05 |  26.20
     ints-mmh3  32000  1.10 |   0.03151   0.03147   0.02934 |    0.12    6.89 |    -1.87   -17.48 |   0.13
     ints-mmh3  32000  2.00 |   0.03176   0.03176   0.03183 |    0.00   -0.21 |     0.00     3.50 |   0.00
   ints-sha256   2000  1.00 |   0.03304   0.02228   0.03094 |   32.57    6.36 |   -25.58    -5.19 |  51.40
   ints-sha256   2000  1.02 |   0.03260   0.02438   0.02410 |   25.22   26.08 |   -19.27   -17.91 |  27.63
   ints-sha256   2000  1.10 |   0.03210   0.03197   0.02984 |    0.39    7.03 |    -1.82   -14.74 |   0.20
   ints-sha256   2000  2.00 |   0.03244   0.03244   0.03253 |    0.00   -0.29 |     0.00     4.88 |   0.00
   ints-sha256   8000  1.00 |   0.03011   0.01960   0.02937 |   34.89    2.46 |   -24.68    -1.85 |  51.63
   ints-sha256   8000  1.02 |   0.03074   0.02355   0.02316 |   23.40   24.66 |   -20.24   -18.47 |  27.70
   ints-sha256   8000  1.10 |   0.03033   0.03028   0.02826 |    0.15    6.80 |    -1.98   -16.53 |   0.13
   ints-sha256   8000  2.00 |   0.03043   0.03043   0.03054 |    0.00   -0.38 |     0.00     5.94 |   0.00
   ints-sha256  32000  1.00 |   0.03235   0.01961   0.02902 |   39.38   10.29 |   -25.79    -7.22 |  55.77
   ints-sha256  32000  1.02 |   0.03164   0.02292   0.02222 |   27.54   29.75 |   -22.02   -20.73 |  30.70
   ints-sha256  32000  1.10 |   0.03200   0.03193   0.02947 |    0.22    7.91 |    -1.23   -16.61 |   0.13
   ints-sha256  32000  2.00 |   0.03180   0.03180   0.03203 |    0.00   -0.72 |     0.00    11.91 |   0.00

      ideal-prng: pooled d=1.0 avg clip dRMSE =  31.50%
       ints-mmh3: pooled d=1.0 avg clip dRMSE =  31.09%
     ints-sha256: pooled d=1.0 avg clip dRMSE =  35.61%
      ints-xxh64: pooled d=1.0 avg clip dRMSE =  26.01%
       urls-mmh3: pooled d=1.0 avg clip dRMSE =  29.13%
     urls-sha256: pooled d=1.0 avg clip dRMSE =  30.26%
      urls-xxh64: pooled d=1.0 avg clip dRMSE =  32.35%
      words-mmh3: pooled d=1.0 avg clip dRMSE =  28.31%
    words-sha256: pooled d=1.0 avg clip dRMSE =  30.76%
     words-xxh64: pooled d=1.0 avg clip dRMSE =  33.47%

arms below 18% at d=1.0: NONE
cells where clip >1% worse: NONE
POOLED VERDICT: SURVIVES
