exp1 real-hash  (m=1024, T=1000, seed=987654321)
All RMSE/bias relative to true n.

           arm      n     d |  rmse_raw rmse_clip  rmse_tpm |  dCLIP%   dTPM% |  z_clip   z_tpm |  bind%
--------------------------------------------------------------------------------------------------------
    ideal-prng   2000  1.00 |   0.03261   0.02193   0.03077 |   32.75    5.67 |   -14.3    -2.6 |  51.00
    ideal-prng   2000  1.02 |   0.03114   0.02314   0.02285 |   25.69   26.61 |   -11.7   -10.6 |  27.10
    ideal-prng   2000  1.10 |   0.03278   0.03278   0.03060 |    0.02    6.65 |    -1.0   -11.1 |   0.10
    ideal-prng   2000  2.00 |   0.03209   0.03209   0.03220 |    0.00   -0.35 |     0.0     3.4 |   0.00
    ideal-prng   8000  1.00 |   0.02993   0.02068   0.03016 |   30.92   -0.75 |   -14.2     0.4 |  50.00
    ideal-prng   8000  1.02 |   0.03087   0.02406   0.02428 |   22.08   21.35 |   -11.9    -9.9 |  25.00
    ideal-prng   8000  1.10 |   0.02994   0.02994   0.02821 |    0.00    5.77 |     0.0   -10.5 |   0.00
    ideal-prng   8000  2.00 |   0.03094   0.03094   0.03098 |    0.00   -0.13 |     0.0     1.2 |   0.00
    ideal-prng  32000  1.00 |   0.03280   0.02345   0.03189 |   28.50    2.77 |   -13.5    -1.4 |  48.20
    ideal-prng  32000  1.02 |   0.03069   0.02430   0.02419 |   20.84   21.20 |   -11.0    -9.7 |  26.40
    ideal-prng  32000  1.10 |   0.03192   0.03191   0.02999 |    0.02    6.03 |    -1.0   -10.3 |   0.10
    ideal-prng  32000  2.00 |   0.03164   0.03164   0.03168 |    0.00   -0.12 |     0.0     1.1 |   0.00
   words-xxh64   2000  1.00 |   0.03294   0.02268   0.03140 |   31.15    4.68 |   -13.3    -2.1 |  49.20
   words-xxh64   2000  1.02 |   0.03408   0.02502   0.02475 |   26.58   27.39 |   -11.1   -10.5 |  27.40
   words-xxh64   2000  1.10 |   0.03402   0.03398   0.03153 |    0.10    7.30 |    -1.0   -11.4 |   0.10
   words-xxh64   2000  2.00 |   0.03217   0.03217   0.03223 |    0.00   -0.16 |     0.0     1.6 |   0.00
   words-xxh64   8000  1.00 |   0.03164   0.02048   0.02979 |   35.26    5.82 |   -13.6    -2.4 |  52.40
   words-xxh64   8000  1.02 |   0.03129   0.02350   0.02332 |   24.90   25.48 |   -11.9   -10.7 |  27.30
   words-xxh64   8000  1.10 |   0.03133   0.03125   0.02921 |    0.27    6.77 |    -1.2    -9.1 |   0.20
   words-xxh64   8000  2.00 |   0.03000   0.03000   0.03016 |    0.00   -0.52 |     0.0     4.6 |   0.00
   words-xxh64  32000  1.00 |   0.03087   0.02132   0.03044 |   30.96    1.41 |   -13.5    -0.6 |  50.70
   words-xxh64  32000  1.02 |   0.02997   0.02335   0.02344 |   22.10   21.80 |   -11.9   -10.0 |  24.90
   words-xxh64  32000  1.10 |   0.03001   0.03001   0.02819 |    0.00    6.05 |     0.0   -11.7 |   0.00
   words-xxh64  32000  2.00 |   0.03184   0.03184   0.03195 |    0.00   -0.34 |     0.0     3.2 |   0.00
    words-mmh3   2000  1.00 |   0.03205   0.02175   0.03069 |   32.13    4.23 |   -14.2    -2.0 |  51.00
    words-mmh3   2000  1.02 |   0.03201   0.02448   0.02428 |   23.52   24.16 |   -10.9   -10.0 |  26.70
    words-mmh3   2000  1.10 |   0.03283   0.03280   0.03039 |    0.08    7.41 |    -1.3   -10.3 |   0.20
    words-mmh3   2000  2.00 |   0.03238   0.03238   0.03250 |    0.00   -0.37 |     0.0     3.6 |   0.00
    words-mmh3   8000  1.00 |   0.03079   0.02183   0.03092 |   29.10   -0.42 |   -12.7     0.2 |  49.20
    words-mmh3   8000  1.02 |   0.03091   0.02397   0.02415 |   22.47   21.89 |    -9.8    -8.6 |  23.50
    words-mmh3   8000  1.10 |   0.02916   0.02916   0.02758 |    0.00    5.40 |     0.0   -10.7 |   0.00
    words-mmh3   8000  2.00 |   0.02986   0.02986   0.02991 |    0.00   -0.16 |     0.0     1.4 |   0.00
    words-mmh3  32000  1.00 |   0.03192   0.02562   0.03388 |   19.74   -6.14 |   -11.6     3.7 |  40.60
    words-mmh3  32000  1.02 |   0.03029   0.02564   0.02608 |   15.37   13.93 |    -9.8    -7.6 |  21.10
    words-mmh3  32000  1.10 |   0.03181   0.03181   0.03015 |    0.00    5.24 |     0.0   -10.9 |   0.00
    words-mmh3  32000  2.00 |   0.03116   0.03116   0.03109 |    0.00    0.22 |     0.0    -2.1 |   0.00
  words-sha256   2000  1.00 |   0.03318   0.02149   0.03051 |   35.21    8.04 |   -13.2    -3.2 |  52.00
  words-sha256   2000  1.02 |   0.03213   0.02412   0.02385 |   24.92   25.77 |   -11.2   -10.4 |  27.60
  words-sha256   2000  1.10 |   0.03314   0.03281   0.03061 |    0.98    7.62 |    -1.8    -7.3 |   0.50
  words-sha256   2000  2.00 |   0.03233   0.03233   0.03247 |    0.00   -0.43 |     0.0     4.1 |   0.00
  words-sha256   8000  1.00 |   0.03053   0.02245   0.03135 |   26.47   -2.67 |   -13.0     1.4 |  47.80
  words-sha256   8000  1.02 |   0.03088   0.02385   0.02376 |   22.75   23.05 |   -11.3   -10.0 |  26.60
  words-sha256   8000  1.10 |   0.02960   0.02960   0.02785 |    0.00    5.92 |     0.0   -10.4 |   0.00
  words-sha256   8000  2.00 |   0.03049   0.03049   0.03051 |    0.00   -0.06 |     0.0     0.6 |   0.00
  words-sha256  32000  1.00 |   0.03117   0.02122   0.03037 |   31.92    2.56 |   -14.3    -1.2 |  51.60
  words-sha256  32000  1.02 |   0.03228   0.02524   0.02490 |   21.82   22.88 |   -12.0   -10.9 |  28.60
  words-sha256  32000  1.10 |   0.03238   0.03218   0.02994 |    0.62    7.55 |    -1.4    -8.1 |   0.20
  words-sha256  32000  2.00 |   0.03061   0.03061   0.03068 |    0.00   -0.25 |     0.0     2.2 |   0.00
    urls-xxh64   2000  1.00 |   0.03151   0.02116   0.03027 |   32.85    3.93 |   -14.2    -1.8 |  52.70
    urls-xxh64   2000  1.02 |   0.03362   0.02450   0.02388 |   27.15   28.99 |   -12.8   -12.1 |  29.60
    urls-xxh64   2000  1.10 |   0.03377   0.03374   0.03119 |    0.09    7.65 |    -1.5   -10.3 |   0.30
    urls-xxh64   2000  2.00 |   0.03228   0.03228   0.03237 |    0.00   -0.27 |     0.0     2.6 |   0.00
    urls-xxh64   8000  1.00 |   0.02905   0.02031   0.03007 |   30.07   -3.50 |   -14.2     1.7 |  48.50
    urls-xxh64   8000  1.02 |   0.03244   0.02532   0.02521 |   21.95   22.28 |   -11.3   -10.1 |  25.80
    urls-xxh64   8000  1.10 |   0.03041   0.03041   0.02870 |    0.00    5.64 |     0.0   -10.4 |   0.00
    urls-xxh64   8000  2.00 |   0.03046   0.03046   0.03052 |    0.00   -0.19 |     0.0     1.7 |   0.00
    urls-xxh64  32000  1.00 |   0.02907   0.01950   0.02941 |   32.91   -1.19 |   -14.1     0.5 |  51.30
    urls-xxh64  32000  1.02 |   0.03009   0.02255   0.02202 |   25.04   26.83 |   -12.3   -11.3 |  29.10
    urls-xxh64  32000  1.10 |   0.03128   0.03125   0.02896 |    0.09    7.41 |    -1.0   -10.0 |   0.10
    urls-xxh64  32000  2.00 |   0.03170   0.03170   0.03185 |    0.00   -0.46 |     0.0     4.4 |   0.00
     urls-mmh3   2000  1.00 |   0.03255   0.02272   0.03130 |   30.20    3.84 |   -14.4    -1.9 |  50.40
     urls-mmh3   2000  1.02 |   0.03296   0.02573   0.02561 |   21.93   22.32 |   -10.9    -9.9 |  25.90
     urls-mmh3   2000  1.10 |   0.03221   0.03213   0.02990 |    0.23    7.15 |    -1.1    -9.3 |   0.20
     urls-mmh3   2000  2.00 |   0.03333   0.03333   0.03340 |    0.00   -0.22 |     0.0     2.2 |   0.00
     urls-mmh3   8000  1.00 |   0.03035   0.02077   0.03026 |   31.56    0.28 |   -13.4    -0.1 |  49.00
     urls-mmh3   8000  1.02 |   0.02999   0.02343   0.02349 |   21.86   21.67 |   -10.9    -9.4 |  25.10
     urls-mmh3   8000  1.10 |   0.03017   0.03013   0.02826 |    0.12    6.31 |    -1.0    -9.3 |   0.10
     urls-mmh3   8000  2.00 |   0.02956   0.02956   0.02958 |    0.00   -0.08 |     0.0     0.7 |   0.00
     urls-mmh3  32000  1.00 |   0.03146   0.02396   0.03250 |   23.85   -3.30 |   -13.8     1.9 |  44.70
     urls-mmh3  32000  1.02 |   0.03150   0.02616   0.02647 |   16.95   15.97 |   -10.0    -8.2 |  22.90
     urls-mmh3  32000  1.10 |   0.03038   0.03031   0.02863 |    0.22    5.77 |    -1.0    -8.4 |   0.10
     urls-mmh3  32000  2.00 |   0.03071   0.03071   0.03068 |    0.00    0.09 |     0.0    -0.9 |   0.00
   urls-sha256   2000  1.00 |   0.03269   0.02165   0.03052 |   33.78    6.64 |   -14.8    -3.0 |  51.50
   urls-sha256   2000  1.02 |   0.03276   0.02397   0.02354 |   26.83   28.15 |   -12.3   -11.4 |  29.10
   urls-sha256   2000  1.10 |   0.03219   0.03213   0.02984 |    0.17    7.31 |    -1.4    -9.6 |   0.20
   urls-sha256   2000  2.00 |   0.03117   0.03117   0.03129 |    0.00   -0.36 |     0.0     3.3 |   0.00
   urls-sha256   8000  1.00 |   0.03112   0.02153   0.03065 |   30.80    1.51 |   -12.6    -0.7 |  50.20
   urls-sha256   8000  1.02 |   0.03040   0.02364   0.02342 |   22.23   22.94 |   -11.3   -10.1 |  26.90
   urls-sha256   8000  1.10 |   0.03095   0.03091   0.02877 |    0.12    7.06 |    -1.2    -9.4 |   0.20
   urls-sha256   8000  2.00 |   0.03058   0.03058   0.03067 |    0.00   -0.27 |     0.0     2.5 |   0.00
   urls-sha256  32000  1.00 |   0.03134   0.02340   0.03216 |   25.34   -2.60 |   -13.7     1.4 |  44.30
   urls-sha256  32000  1.02 |   0.03170   0.02593   0.02636 |   18.20   16.83 |   -10.8    -8.7 |  22.80
   urls-sha256  32000  1.10 |   0.03056   0.03051   0.02866 |    0.17    6.21 |    -1.0    -9.1 |   0.10
   urls-sha256  32000  2.00 |   0.03162   0.03162   0.03157 |    0.00    0.17 |     0.0    -1.6 |   0.00
    ints-xxh64   2000  1.00 |   0.03251   0.02128   0.03037 |   34.55    6.58 |   -13.7    -2.8 |  49.60
    ints-xxh64   2000  1.02 |   0.03159   0.02403   0.02362 |   23.94   25.24 |   -11.6   -10.7 |  28.60
    ints-xxh64   2000  1.10 |   0.03209   0.03208   0.02988 |    0.02    6.87 |    -1.0   -10.9 |   0.10
    ints-xxh64   2000  2.00 |   0.03249   0.03249   0.03257 |    0.00   -0.25 |     0.0     2.4 |   0.00
    ints-xxh64   8000  1.00 |   0.03044   0.02318   0.03201 |   23.85   -5.15 |   -13.1     2.9 |  45.00
    ints-xxh64   8000  1.02 |   0.02981   0.02469   0.02526 |   17.18   15.27 |    -9.7    -7.5 |  21.10
    ints-xxh64   8000  1.10 |   0.02988   0.02987   0.02833 |    0.03    5.17 |    -1.0   -10.4 |   0.10
    ints-xxh64   8000  2.00 |   0.03006   0.03006   0.03000 |    0.00    0.20 |     0.0    -1.8 |   0.00
    ints-xxh64  32000  1.00 |   0.03248   0.02647   0.03450 |   18.51   -6.23 |   -11.3     3.8 |  38.70
    ints-xxh64  32000  1.02 |   0.03226   0.02802   0.02857 |   13.14   11.44 |    -9.6    -7.2 |  19.70
    ints-xxh64  32000  1.10 |   0.03255   0.03254   0.03110 |    0.03    4.47 |    -1.0    -9.7 |   0.10
    ints-xxh64  32000  2.00 |   0.03233   0.03233   0.03212 |    0.00    0.66 |     0.0    -6.6 |   0.00
     ints-mmh3   2000  1.00 |   0.03129   0.02037   0.02989 |   34.92    4.50 |   -12.8    -1.8 |  52.10
     ints-mmh3   2000  1.02 |   0.03236   0.02492   0.02469 |   23.00   23.73 |   -12.2   -11.0 |  27.00
     ints-mmh3   2000  1.10 |   0.03357   0.03329   0.03080 |    0.84    8.24 |    -1.9    -8.1 |   0.50
     ints-mmh3   2000  2.00 |   0.03268   0.03268   0.03278 |    0.00   -0.32 |     0.0     3.1 |   0.00
     ints-mmh3   8000  1.00 |   0.02974   0.02108   0.03053 |   29.12   -2.67 |   -13.4     1.3 |  47.70
     ints-mmh3   8000  1.02 |   0.03015   0.02465   0.02503 |   18.24   16.96 |   -10.7    -8.5 |  22.20
     ints-mmh3   8000  1.10 |   0.03036   0.03033   0.02841 |    0.10    6.43 |    -1.0    -9.7 |   0.10
     ints-mmh3   8000  2.00 |   0.02876   0.02876   0.02879 |    0.00   -0.11 |     0.0     1.0 |   0.00
     ints-mmh3  32000  1.00 |   0.03225   0.02214   0.03099 |   31.36    3.92 |   -13.5    -1.8 |  48.60
     ints-mmh3  32000  1.02 |   0.03032   0.02417   0.02416 |   20.28   20.32 |   -11.1    -9.5 |  25.90
     ints-mmh3  32000  1.10 |   0.03123   0.03119   0.02919 |    0.13    6.52 |    -1.0   -10.1 |   0.10
     ints-mmh3  32000  2.00 |   0.03233   0.03233   0.03239 |    0.00   -0.19 |     0.0     1.8 |   0.00
   ints-sha256   2000  1.00 |   0.03291   0.02149   0.03031 |   34.71    7.89 |   -15.0    -3.6 |  53.40
   ints-sha256   2000  1.02 |   0.03170   0.02432   0.02416 |   23.29   23.78 |   -10.5    -9.7 |  25.60
   ints-sha256   2000  1.10 |   0.03238   0.03222   0.03011 |    0.51    7.02 |    -1.7    -8.2 |   0.30
   ints-sha256   2000  2.00 |   0.03193   0.03193   0.03203 |    0.00   -0.29 |     0.0     2.8 |   0.00
   ints-sha256   8000  1.00 |   0.03015   0.01945   0.02926 |   35.49    2.95 |   -14.0    -1.3 |  52.00
   ints-sha256   8000  1.02 |   0.03087   0.02315   0.02259 |   25.01   26.84 |   -11.9   -11.1 |  29.20
   ints-sha256   8000  1.10 |   0.03012   0.03009   0.02810 |    0.10    6.71 |    -1.0    -9.6 |   0.10
   ints-sha256   8000  2.00 |   0.03006   0.03006   0.03021 |    0.00   -0.49 |     0.0     4.4 |   0.00
   ints-sha256  32000  1.00 |   0.03306   0.01868   0.02838 |   43.50   14.17 |   -15.3    -5.4 |  56.70
   ints-sha256  32000  1.02 |   0.03164   0.02236   0.02166 |   29.35   31.54 |   -13.0   -12.2 |  31.30
   ints-sha256  32000  1.10 |   0.03225   0.03225   0.02991 |    0.00    7.26 |     0.0   -11.5 |   0.00
   ints-sha256  32000  2.00 |   0.03173   0.03173   0.03196 |    0.00   -0.72 |     0.0     6.8 |   0.00

      ideal-prng: d=1.0 avg clip dRMSE =  30.72%
     words-xxh64: d=1.0 avg clip dRMSE =  32.45%
      words-mmh3: d=1.0 avg clip dRMSE =  26.99%
    words-sha256: d=1.0 avg clip dRMSE =  31.20%
      urls-xxh64: d=1.0 avg clip dRMSE =  31.94%
       urls-mmh3: d=1.0 avg clip dRMSE =  28.54%
     urls-sha256: d=1.0 avg clip dRMSE =  29.98%
      ints-xxh64: d=1.0 avg clip dRMSE =  25.64%
       ints-mmh3: d=1.0 avg clip dRMSE =  31.80%
     ints-sha256: d=1.0 avg clip dRMSE =  37.90%

VERDICT (this seed): SURVIVES
runtime 284s
