exp1 real-hash  (m=1024, T=1000, seed=31337)
All RMSE/bias relative to true n.

           arm      n     d |  rmse_raw rmse_clip  rmse_tpm |  dCLIP%   dTPM% |  z_clip   z_tpm |  bind%
--------------------------------------------------------------------------------------------------------
    ideal-prng   2000  1.00 |   0.03384   0.02208   0.03082 |   34.75    8.92 |   -13.4    -3.6 |  50.50
    ideal-prng   2000  1.02 |   0.03306   0.02371   0.02298 |   28.28   30.48 |   -12.0   -11.6 |  31.10
    ideal-prng   2000  1.10 |   0.03296   0.03275   0.03056 |    0.64    7.30 |    -2.0    -8.3 |   0.60
    ideal-prng   2000  2.00 |   0.03164   0.03164   0.03171 |    0.00   -0.23 |     0.0     2.1 |   0.00
    ideal-prng   8000  1.00 |   0.03035   0.02173   0.03074 |   28.41   -1.29 |   -13.8     0.6 |  51.20
    ideal-prng   8000  1.02 |   0.03161   0.02411   0.02379 |   23.72   24.75 |   -10.7   -10.0 |  26.90
    ideal-prng   8000  1.10 |   0.03005   0.02996   0.02812 |    0.29    6.41 |    -1.0    -8.6 |   0.10
    ideal-prng   8000  2.00 |   0.03154   0.03154   0.03152 |    0.00    0.04 |     0.0    -0.4 |   0.00
    ideal-prng  32000  1.00 |   0.03219   0.02191   0.03072 |   31.93    4.56 |   -15.0    -2.2 |  50.10
    ideal-prng  32000  1.02 |   0.03211   0.02521   0.02499 |   21.48   22.17 |   -10.6    -9.7 |  27.00
    ideal-prng  32000  1.10 |   0.03197   0.03196   0.02997 |    0.04    6.24 |    -1.0   -10.5 |   0.10
    ideal-prng  32000  2.00 |   0.03314   0.03314   0.03321 |    0.00   -0.20 |     0.0     2.0 |   0.00
   words-xxh64   2000  1.00 |   0.03182   0.02237   0.03118 |   29.69    2.00 |   -13.1    -0.9 |  49.90
   words-xxh64   2000  1.02 |   0.03157   0.02340   0.02314 |   25.86   26.69 |   -12.3   -11.1 |  27.10
   words-xxh64   2000  1.10 |   0.03187   0.03175   0.02960 |    0.38    7.15 |    -1.0    -8.9 |   0.10
   words-xxh64   2000  2.00 |   0.03278   0.03278   0.03291 |    0.00   -0.39 |     0.0     3.8 |   0.00
   words-xxh64   8000  1.00 |   0.03085   0.01930   0.02893 |   37.45    6.21 |   -14.8    -2.6 |  53.70
   words-xxh64   8000  1.02 |   0.03082   0.02341   0.02308 |   24.04   25.11 |   -11.5   -10.5 |  28.20
   words-xxh64   8000  1.10 |   0.03081   0.03080   0.02865 |    0.04    7.02 |    -1.0   -10.0 |   0.10
   words-xxh64   8000  2.00 |   0.03149   0.03149   0.03161 |    0.00   -0.38 |     0.0     3.5 |   0.00
   words-xxh64  32000  1.00 |   0.03062   0.01936   0.02930 |   36.78    4.30 |   -13.9    -1.7 |  50.20
   words-xxh64  32000  1.02 |   0.03170   0.02404   0.02381 |   24.15   24.88 |   -12.3   -11.0 |  27.50
   words-xxh64  32000  1.10 |   0.03086   0.03077   0.02881 |    0.27    6.63 |    -1.0    -8.9 |   0.10
   words-xxh64  32000  2.00 |   0.03276   0.03276   0.03291 |    0.00   -0.45 |     0.0     4.4 |   0.00
    words-mmh3   2000  1.00 |   0.03100   0.02055   0.02976 |   33.70    4.00 |   -14.6    -1.8 |  55.80
    words-mmh3   2000  1.02 |   0.03257   0.02365   0.02319 |   27.41   28.80 |    -9.4    -9.1 |  28.60
    words-mmh3   2000  1.10 |   0.03250   0.03249   0.03011 |    0.02    7.34 |    -1.0   -10.1 |   0.10
    words-mmh3   2000  2.00 |   0.03146   0.03146   0.03152 |    0.00   -0.22 |     0.0     2.0 |   0.00
    words-mmh3   8000  1.00 |   0.03070   0.02157   0.03075 |   29.74   -0.16 |   -13.0     0.1 |  49.10
    words-mmh3   8000  1.02 |   0.03136   0.02436   0.02423 |   22.31   22.74 |   -10.5    -9.5 |  25.50
    words-mmh3   8000  1.10 |   0.02924   0.02924   0.02761 |    0.00    5.57 |     0.0    -9.3 |   0.00
    words-mmh3   8000  2.00 |   0.03015   0.03015   0.03023 |    0.00   -0.26 |     0.0     2.3 |   0.00
    words-mmh3  32000  1.00 |   0.03198   0.02504   0.03324 |   21.73   -3.92 |   -12.2     2.3 |  43.90
    words-mmh3  32000  1.02 |   0.03192   0.02745   0.02766 |   13.98   13.34 |   -10.7    -8.5 |  22.80
    words-mmh3  32000  1.10 |   0.03176   0.03176   0.03017 |    0.00    5.01 |     0.0   -10.5 |   0.00
    words-mmh3  32000  2.00 |   0.03051   0.03051   0.03041 |    0.00    0.33 |     0.0    -3.1 |   0.00
  words-sha256   2000  1.00 |   0.03163   0.02192   0.03084 |   30.68    2.48 |   -13.9    -1.2 |  51.10
  words-sha256   2000  1.02 |   0.03171   0.02380   0.02360 |   24.95   25.58 |   -11.7   -10.5 |  27.20
  words-sha256   2000  1.10 |   0.03244   0.03227   0.03008 |    0.52    7.26 |    -1.3    -8.2 |   0.20
  words-sha256   2000  2.00 |   0.03291   0.03291   0.03300 |    0.00   -0.27 |     0.0     2.6 |   0.00
  words-sha256   8000  1.00 |   0.03093   0.02161   0.03079 |   30.13    0.46 |   -13.6    -0.2 |  48.10
  words-sha256   8000  1.02 |   0.02979   0.02378   0.02387 |   20.20   19.89 |   -10.7    -9.1 |  24.70
  words-sha256   8000  1.10 |   0.03037   0.03030   0.02857 |    0.24    5.92 |    -1.3    -8.5 |   0.20
  words-sha256   8000  2.00 |   0.03098   0.03098   0.03102 |    0.00   -0.13 |     0.0     1.2 |   0.00
  words-sha256  32000  1.00 |   0.03088   0.02124   0.03048 |   31.21    1.30 |   -13.9    -0.6 |  50.20
  words-sha256  32000  1.02 |   0.03188   0.02462   0.02455 |   22.78   22.99 |   -10.3    -9.4 |  26.40
  words-sha256  32000  1.10 |   0.03019   0.03017   0.02843 |    0.04    5.80 |    -1.0   -10.4 |   0.10
  words-sha256  32000  2.00 |   0.03240   0.03240   0.03246 |    0.00   -0.19 |     0.0     1.8 |   0.00
    urls-xxh64   2000  1.00 |   0.03284   0.02189   0.03074 |   33.35    6.38 |   -13.7    -2.8 |  50.80
    urls-xxh64   2000  1.02 |   0.03313   0.02468   0.02433 |   25.53   26.58 |   -11.8   -11.0 |  27.90
    urls-xxh64   2000  1.10 |   0.03105   0.03096   0.02879 |    0.28    7.26 |    -1.0    -9.0 |   0.10
    urls-xxh64   2000  2.00 |   0.03361   0.03361   0.03375 |    0.00   -0.42 |     0.0     4.2 |   0.00
    urls-xxh64   8000  1.00 |   0.03036   0.02148   0.03069 |   29.24   -1.10 |   -14.0     0.5 |  49.50
    urls-xxh64   8000  1.02 |   0.03051   0.02398   0.02437 |   21.41   20.15 |   -10.1    -8.5 |  23.20
    urls-xxh64   8000  1.10 |   0.03084   0.03083   0.02876 |    0.04    6.74 |    -1.0    -9.7 |   0.10
    urls-xxh64   8000  2.00 |   0.03059   0.03059   0.03058 |    0.00    0.01 |     0.0    -0.1 |   0.00
    urls-xxh64  32000  1.00 |   0.03172   0.02047   0.02978 |   35.47    6.12 |   -14.0    -2.6 |  53.00
    urls-xxh64  32000  1.02 |   0.03209   0.02316   0.02280 |   27.84   28.95 |   -12.0   -11.1 |  29.00
    urls-xxh64  32000  1.10 |   0.03078   0.03077   0.02852 |    0.03    7.36 |    -1.5    -9.4 |   0.30
    urls-xxh64  32000  2.00 |   0.03140   0.03140   0.03150 |    0.00   -0.31 |     0.0     2.9 |   0.00
     urls-mmh3   2000  1.00 |   0.03304   0.02128   0.03048 |   35.60    7.74 |   -12.3    -2.9 |  51.00
     urls-mmh3   2000  1.02 |   0.03302   0.02414   0.02373 |   26.91   28.14 |   -11.6   -10.9 |  29.40
     urls-mmh3   2000  1.10 |   0.03270   0.03263   0.03059 |    0.23    6.45 |    -1.7    -9.5 |   0.30
     urls-mmh3   2000  2.00 |   0.03345   0.03345   0.03360 |    0.00   -0.45 |     0.0     4.5 |   0.00
     urls-mmh3   8000  1.00 |   0.03086   0.02199   0.03103 |   28.74   -0.53 |   -12.4     0.2 |  48.60
     urls-mmh3   8000  1.02 |   0.02969   0.02413   0.02434 |   18.72   18.01 |   -11.4    -9.2 |  24.00
     urls-mmh3   8000  1.10 |   0.02973   0.02973   0.02799 |    0.00    5.85 |     0.0   -10.9 |   0.00
     urls-mmh3   8000  2.00 |   0.03002   0.03002   0.03001 |    0.00    0.03 |     0.0    -0.2 |   0.00
     urls-mmh3  32000  1.00 |   0.03256   0.02446   0.03279 |   24.88   -0.71 |   -12.2     0.4 |  45.00
     urls-mmh3  32000  1.02 |   0.03137   0.02592   0.02617 |   17.36   16.57 |   -11.6    -9.3 |  23.90
     urls-mmh3  32000  1.10 |   0.03140   0.03139   0.02953 |    0.05    5.97 |    -1.1    -8.9 |   0.20
     urls-mmh3  32000  2.00 |   0.03160   0.03160   0.03158 |    0.00    0.05 |     0.0    -0.5 |   0.00
   urls-sha256   2000  1.00 |   0.03278   0.02129   0.03034 |   35.04    7.43 |   -14.2    -3.2 |  50.90
   urls-sha256   2000  1.02 |   0.03154   0.02457   0.02458 |   22.10   22.06 |   -11.0    -9.7 |  24.50
   urls-sha256   2000  1.10 |   0.03306   0.03306   0.03087 |    0.00    6.64 |     0.0   -11.5 |   0.00
   urls-sha256   2000  2.00 |   0.03155   0.03155   0.03162 |    0.00   -0.21 |     0.0     2.0 |   0.00
   urls-sha256   8000  1.00 |   0.03056   0.02012   0.02972 |   34.15    2.74 |   -13.9    -1.2 |  51.30
   urls-sha256   8000  1.02 |   0.03094   0.02339   0.02317 |   24.38   25.11 |   -11.7   -10.5 |  27.80
   urls-sha256   8000  1.10 |   0.02947   0.02946   0.02753 |    0.05    6.58 |    -1.4    -8.9 |   0.20
   urls-sha256   8000  2.00 |   0.03059   0.03059   0.03069 |    0.00   -0.33 |     0.0     3.0 |   0.00
   urls-sha256  32000  1.00 |   0.03046   0.02248   0.03147 |   26.17   -3.32 |   -13.0     1.7 |  46.10
   urls-sha256  32000  1.02 |   0.03027   0.02457   0.02472 |   18.82   18.34 |   -10.7    -9.0 |  24.80
   urls-sha256  32000  1.10 |   0.03185   0.03178   0.02989 |    0.23    6.16 |    -1.2    -8.3 |   0.20
   urls-sha256  32000  2.00 |   0.03031   0.03031   0.03028 |    0.00    0.09 |     0.0    -0.8 |   0.00
    ints-xxh64   2000  1.00 |   0.03174   0.02019   0.02956 |   36.40    6.89 |   -13.1    -2.7 |  52.70
    ints-xxh64   2000  1.02 |   0.03334   0.02483   0.02442 |   25.53   26.75 |   -11.5   -10.8 |  28.80
    ints-xxh64   2000  1.10 |   0.03166   0.03166   0.02956 |    0.02    6.64 |    -1.0   -10.0 |   0.10
    ints-xxh64   2000  2.00 |   0.03214   0.03214   0.03229 |    0.00   -0.46 |     0.0     4.4 |   0.00
    ints-xxh64   8000  1.00 |   0.03064   0.02321   0.03206 |   24.26   -4.65 |   -12.2     2.4 |  45.00
    ints-xxh64   8000  1.02 |   0.03031   0.02543   0.02596 |   16.13   14.37 |   -10.1    -7.7 |  21.50
    ints-xxh64   8000  1.10 |   0.03113   0.03102   0.02943 |    0.37    5.45 |    -1.4    -7.4 |   0.20
    ints-xxh64   8000  2.00 |   0.02884   0.02884   0.02878 |    0.00    0.19 |     0.0    -1.6 |   0.00
    ints-xxh64  32000  1.00 |   0.03184   0.02500   0.03335 |   21.48   -4.73 |   -11.8     2.7 |  41.80
    ints-xxh64  32000  1.02 |   0.03268   0.02851   0.02896 |   12.75   11.38 |   -10.2    -7.7 |  20.90
    ints-xxh64  32000  1.10 |   0.03107   0.03107   0.02980 |    0.00    4.08 |     0.0   -12.4 |   0.00
    ints-xxh64  32000  2.00 |   0.03234   0.03234   0.03215 |    0.00    0.60 |     0.0    -5.9 |   0.00
     ints-mmh3   2000  1.00 |   0.03155   0.02088   0.03014 |   33.84    4.49 |   -14.3    -2.0 |  52.00
     ints-mmh3   2000  1.02 |   0.03135   0.02430   0.02412 |   22.49   23.08 |   -11.4   -10.2 |  26.50
     ints-mmh3   2000  1.10 |   0.03248   0.03236   0.02999 |    0.37    7.67 |    -1.6    -9.4 |   0.30
     ints-mmh3   2000  2.00 |   0.03208   0.03208   0.03220 |    0.00   -0.40 |     0.0     3.8 |   0.00
     ints-mmh3   8000  1.00 |   0.02961   0.02112   0.03064 |   28.67   -3.49 |   -13.8     1.7 |  47.20
     ints-mmh3   8000  1.02 |   0.03083   0.02425   0.02444 |   21.36   20.73 |   -11.3    -9.5 |  24.70
     ints-mmh3   8000  1.10 |   0.03087   0.03077   0.02885 |    0.33    6.56 |    -1.1    -8.2 |   0.20
     ints-mmh3   8000  2.00 |   0.03043   0.03043   0.03043 |    0.00    0.01 |     0.0    -0.1 |   0.00
     ints-mmh3  32000  1.00 |   0.03313   0.02295   0.03142 |   30.74    5.17 |   -14.4    -2.5 |  49.20
     ints-mmh3  32000  1.02 |   0.03115   0.02452   0.02445 |   21.28   21.53 |   -11.8   -10.3 |  25.90
     ints-mmh3  32000  1.10 |   0.03171   0.03167   0.02962 |    0.12    6.59 |    -1.0   -10.5 |   0.10
     ints-mmh3  32000  2.00 |   0.03137   0.03137   0.03145 |    0.00   -0.26 |     0.0     2.4 |   0.00
   ints-sha256   2000  1.00 |   0.03319   0.02214   0.03082 |   33.31    7.15 |   -14.7    -3.3 |  51.40
   ints-sha256   2000  1.02 |   0.03374   0.02517   0.02463 |   25.41   27.00 |   -11.2   -10.7 |  29.60
   ints-sha256   2000  1.10 |   0.03212   0.03209   0.02984 |    0.08    7.11 |    -1.3   -10.4 |   0.20
   ints-sha256   2000  2.00 |   0.03293   0.03293   0.03300 |    0.00   -0.22 |     0.0     2.2 |   0.00
   ints-sha256   8000  1.00 |   0.02930   0.01948   0.02934 |   33.52   -0.15 |   -14.5     0.1 |  51.10
   ints-sha256   8000  1.02 |   0.03010   0.02342   0.02306 |   22.18   23.38 |   -11.7   -10.6 |  27.10
   ints-sha256   8000  1.10 |   0.03087   0.03081   0.02876 |    0.21    6.84 |    -1.4    -9.3 |   0.20
   ints-sha256   8000  2.00 |   0.03037   0.03037   0.03048 |    0.00   -0.37 |     0.0     3.4 |   0.00
   ints-sha256  32000  1.00 |   0.03198   0.02029   0.02947 |   36.56    7.84 |   -15.3    -3.5 |  54.80
   ints-sha256  32000  1.02 |   0.03215   0.02344   0.02274 |   27.09   29.26 |   -12.9   -12.1 |  30.60
   ints-sha256  32000  1.10 |   0.03155   0.03153   0.02905 |    0.06    7.92 |    -1.0   -10.2 |   0.10
   ints-sha256  32000  2.00 |   0.03218   0.03218   0.03241 |    0.00   -0.69 |     0.0     6.7 |   0.00

      ideal-prng: d=1.0 avg clip dRMSE =  31.70%
     words-xxh64: d=1.0 avg clip dRMSE =  34.64%
      words-mmh3: d=1.0 avg clip dRMSE =  28.39%
    words-sha256: d=1.0 avg clip dRMSE =  30.67%
      urls-xxh64: d=1.0 avg clip dRMSE =  32.69%
       urls-mmh3: d=1.0 avg clip dRMSE =  29.74%
     urls-sha256: d=1.0 avg clip dRMSE =  31.79%
      ints-xxh64: d=1.0 avg clip dRMSE =  27.38%
       ints-mmh3: d=1.0 avg clip dRMSE =  31.08%
     ints-sha256: d=1.0 avg clip dRMSE =  34.46%

VERDICT (this seed): SURVIVES
runtime 285s
