POOLED exp2 over 3 seeds (T=1500 trials/cell). z = mean(err_x^2 - err_raw^2)/SE

       arm      m    n/m     d |  rmse_raw rmse_clip  rmse_tpm |  dCLIP%   dTPM% |   z_clip    z_tpm |  bind%
-------------------------------------------------------------------------------------------------------------
xxh64-ints   1024   0.05  1.00 |   0.02299   0.01833   0.02892 |   20.29  -25.75 |   -25.65    27.47 |  64.00
xxh64-ints   1024   0.05  1.02 |   0.02212   0.02015   0.02034 |    8.90    8.05 |   -25.23    -7.64 |  29.80
xxh64-ints   1024   0.05  1.10 |   0.02227   0.02227   0.02170 |    0.00    2.53 |     0.00   -30.81 |   0.00
xxh64-ints   1024   0.10  1.00 |   0.02265   0.01654   0.02803 |   26.98  -23.77 |   -20.64    17.95 |  46.20
xxh64-ints   1024   0.10  1.02 |   0.02282   0.02013   0.02098 |   11.82    8.06 |   -12.88    -5.86 |  25.53
xxh64-ints   1024   0.10  1.10 |   0.02286   0.02286   0.02201 |    0.00    3.72 |     0.00   -20.31 |   0.00
xxh64-ints   1024   0.25  1.00 |   0.02333   0.01675   0.02830 |   28.18  -21.31 |   -17.23    13.71 |  50.87
xxh64-ints   1024   0.25  1.02 |   0.02348   0.01981   0.02076 |   15.61   11.56 |   -12.23    -6.96 |  19.47
xxh64-ints   1024   0.25  1.10 |   0.02296   0.02296   0.02202 |    0.00    4.09 |     0.00   -13.47 |   0.00
xxh64-ints   1024   0.50  1.00 |   0.02433   0.01727   0.02862 |   28.99  -17.65 |   -16.60    10.74 |  50.73
xxh64-ints   1024   0.50  1.02 |   0.02383   0.01976   0.02059 |   17.10   13.60 |   -12.14    -7.66 |  22.80
xxh64-ints   1024   0.50  1.10 |   0.02408   0.02408   0.02296 |    0.00    4.64 |     0.00   -12.94 |   0.00
xxh64-ints   1024   1.00  1.00 |   0.02455   0.01670   0.02816 |   31.97  -14.71 |   -17.92     8.76 |  49.67
xxh64-ints   1024   1.00  1.02 |   0.02410   0.01989   0.02080 |   17.47   13.72 |   -12.51    -7.79 |  18.87
xxh64-ints   1024   1.00  1.10 |   0.02556   0.02556   0.02425 |    0.00    5.12 |     0.00   -12.74 |   0.00
xxh64-ints   1024   2.00  1.00 |   0.02642   0.01781   0.02879 |   32.58   -8.99 |   -16.24     4.85 |  48.67
xxh64-ints   1024   2.00  1.02 |   0.02553   0.02101   0.02135 |   17.72   16.39 |   -13.15    -9.61 |  21.87
xxh64-ints   1024   2.00  1.10 |   0.02671   0.02671   0.02516 |    0.00    5.81 |     0.00   -12.28 |   0.00
xxh64-ints   1024   4.00  1.00 |   0.02847   0.01939   0.02942 |   31.88   -3.37 |   -16.95     1.90 |  50.27
xxh64-ints   1024   4.00  1.02 |   0.02807   0.02244   0.02278 |   20.04   18.84 |   -13.68   -10.73 |  23.20
xxh64-ints   1024   4.00  1.10 |   0.02889   0.02889   0.02706 |    0.00    6.34 |     0.00   -11.45 |   0.00
xxh64-ints   1024   8.00  1.00 |   0.03125   0.02332   0.03201 |   25.36   -2.42 |   -16.10     1.58 |  46.67
xxh64-ints   1024   8.00  1.02 |   0.03044   0.02513   0.02542 |   17.45   16.50 |   -11.81    -9.78 |  22.60
xxh64-ints   1024   8.00  1.10 |   0.03104   0.03104   0.02939 |    0.00    5.32 |     0.00   -13.51 |   0.00
xxh64-ints   1024  16.00  1.00 |   0.03079   0.02342   0.03221 |   23.93   -4.61 |   -15.76     3.11 |  44.60
xxh64-ints   1024  16.00  1.02 |   0.03185   0.02643   0.02684 |   17.03   15.73 |   -12.31    -9.98 |  21.67
xxh64-ints   1024  16.00  1.10 |   0.03153   0.03153   0.02996 |    0.01    4.99 |    -1.41   -12.07 |   0.13
xxh64-ints   1024  32.00  1.00 |   0.03091   0.02381   0.03256 |   22.96   -5.37 |   -14.68     3.54 |  43.67
xxh64-ints   1024  32.00  1.02 |   0.03126   0.02612   0.02652 |   16.44   15.18 |   -12.45    -9.94 |  22.07
xxh64-ints   1024  32.00  1.10 |   0.03256   0.03256   0.03075 |    0.00    5.54 |     0.00   -12.96 |   0.00
xxh64-ints   4096   0.05  1.00 |   0.01070   0.00810   0.01421 |   24.34  -32.79 |   -20.60    26.48 |  59.87
xxh64-ints   4096   0.05  1.02 |   0.01082   0.01065   0.00842 |    1.63   22.18 |    -5.62   -16.93 |   4.07
xxh64-ints   4096   0.05  1.10 |   0.01104   0.01104   0.01106 |    0.00   -0.23 |     0.00     3.72 |   0.00
xxh64-ints   4096   0.10  1.00 |   0.01147   0.00817   0.01415 |   28.82  -23.33 |   -20.51    16.60 |  48.00
xxh64-ints   4096   0.10  1.02 |   0.01130   0.01097   0.00903 |    2.92   20.08 |    -5.71   -14.77 |   3.40
xxh64-ints   4096   0.10  1.10 |   0.01101   0.01101   0.01102 |    0.00   -0.10 |     0.00     1.58 |   0.00
xxh64-ints   4096   0.25  1.00 |   0.01129   0.00789   0.01405 |   30.12  -24.46 |   -18.30    15.61 |  49.27
xxh64-ints   4096   0.25  1.02 |   0.01115   0.01078   0.00882 |    3.29   20.91 |    -4.79   -14.17 |   3.33
xxh64-ints   4096   0.25  1.10 |   0.01192   0.01192   0.01193 |    0.00   -0.09 |     0.00     1.61 |   0.00
xxh64-ints   4096   0.50  1.00 |   0.01180   0.00812   0.01416 |   31.18  -20.01 |   -18.49    12.45 |  50.20
xxh64-ints   4096   0.50  1.02 |   0.01188   0.01135   0.00913 |    4.42   23.15 |    -6.40   -15.10 |   4.67
xxh64-ints   4096   0.50  1.10 |   0.01214   0.01214   0.01215 |    0.00   -0.10 |     0.00     1.71 |   0.00
xxh64-ints   4096   1.00  1.00 |   0.01245   0.00894   0.01462 |   28.18  -17.40 |   -18.28    11.63 |  47.67
xxh64-ints   4096   1.00  1.02 |   0.01247   0.01199   0.00983 |    3.89   21.21 |    -4.92   -15.28 |   2.60
xxh64-ints   4096   1.00  1.10 |   0.01238   0.01238   0.01239 |    0.00   -0.08 |     0.00     1.43 |   0.00
xxh64-ints   4096   2.00  1.00 |   0.01305   0.00913   0.01466 |   30.06  -12.34 |   -17.41     7.52 |  49.73
xxh64-ints   4096   2.00  1.02 |   0.01321   0.01249   0.01044 |    5.50   20.98 |    -6.42   -14.15 |   5.87
xxh64-ints   4096   2.00  1.10 |   0.01269   0.01269   0.01269 |    0.00    0.04 |     0.00    -0.77 |   0.00
xxh64-ints   4096   4.00  1.00 |   0.01413   0.00990   0.01506 |   29.91   -6.58 |   -15.88     3.73 |  49.13
xxh64-ints   4096   4.00  1.02 |   0.01461   0.01339   0.01115 |    8.31   23.66 |    -8.19   -15.01 |   8.13
xxh64-ints   4096   4.00  1.10 |   0.01430   0.01430   0.01430 |    0.00   -0.01 |     0.00     0.29 |   0.00
xxh64-ints   4096   8.00  1.00 |   0.01565   0.01197   0.01639 |   23.55   -4.70 |   -16.89     3.39 |  45.47
xxh64-ints   4096   8.00  1.02 |   0.01555   0.01460   0.01276 |    6.12   17.94 |    -7.73   -14.31 |   8.13
xxh64-ints   4096   8.00  1.10 |   0.01491   0.01491   0.01489 |    0.00    0.19 |     0.00    -4.19 |   0.00
xxh64-ints   4096  16.00  1.00 |   0.01617   0.01215   0.01647 |   24.85   -1.88 |   -15.28     1.20 |  46.60
xxh64-ints   4096  16.00  1.02 |   0.01579   0.01464   0.01258 |    7.23   20.28 |    -8.92   -15.59 |   9.80
xxh64-ints   4096  16.00  1.10 |   0.01516   0.01516   0.01514 |    0.00    0.18 |     0.00    -3.18 |   0.00
xxh64-ints   4096  32.00  1.00 |   0.01590   0.01139   0.01592 |   28.36   -0.13 |   -16.09     0.08 |  48.67
xxh64-ints   4096  32.00  1.02 |   0.01590   0.01443   0.01214 |    9.27   23.69 |    -8.43   -15.09 |   9.87
xxh64-ints   4096  32.00  1.10 |   0.01581   0.01581   0.01581 |    0.00    0.03 |     0.00    -0.71 |   0.00
xxh64-ints  16384   0.05  1.00 |   0.00542   0.00398   0.00707 |   26.57  -30.54 |   -17.77    20.96 |  53.20
xxh64-ints  16384   0.05  1.02 |   0.00543   0.00543   0.00499 |    0.00    7.99 |     0.00   -15.96 |   0.00
xxh64-ints  16384   0.05  1.10 |   0.00565   0.00565   0.00565 |    0.00    0.00 |     0.00    -0.06 |   0.00
xxh64-ints  16384   0.10  1.00 |   0.00563   0.00399   0.00706 |   29.15  -25.36 |   -17.98    16.31 |  50.87
xxh64-ints  16384   0.10  1.02 |   0.00560   0.00560   0.00518 |    0.00    7.51 |     0.00   -15.51 |   0.00
xxh64-ints  16384   0.10  1.10 |   0.00550   0.00550   0.00551 |    0.00   -0.03 |     0.00     0.87 |   0.00
xxh64-ints  16384   0.25  1.00 |   0.00581   0.00392   0.00697 |   32.48  -19.87 |   -17.99    11.77 |  51.67
xxh64-ints  16384   0.25  1.02 |   0.00579   0.00579   0.00534 |    0.00    7.78 |     0.00   -13.98 |   0.00
xxh64-ints  16384   0.25  1.10 |   0.00573   0.00573   0.00573 |    0.00   -0.00 |     0.00     0.10 |   0.00
xxh64-ints  16384   0.50  1.00 |   0.00595   0.00421   0.00716 |   29.21  -20.24 |   -18.34    13.13 |  49.67
xxh64-ints  16384   0.50  1.02 |   0.00613   0.00613   0.00564 |    0.00    7.95 |     0.00   -13.54 |   0.00
xxh64-ints  16384   0.50  1.10 |   0.00609   0.00609   0.00610 |    0.00   -0.04 |     0.00     1.49 |   0.00
xxh64-ints  16384   1.00  1.00 |   0.00753   0.00494   0.00737 |   34.44    2.08 |   -26.55    -1.55 |  50.13
xxh64-ints  16384   1.00  1.02 |   0.00760   0.00760   0.00690 |    0.00    9.17 |     0.00   -21.23 |   0.00
xxh64-ints  16384   1.00  1.10 |   0.00765   0.00765   0.00765 |    0.00   -0.04 |     0.00     1.81 |   0.00
xxh64-ints  16384   2.00  1.00 |   0.00657   0.00417   0.00701 |   36.42   -6.76 |   -19.05     3.78 |  54.07
xxh64-ints  16384   2.00  1.02 |   0.00642   0.00642   0.00576 |    0.07   10.27 |    -1.04   -13.99 |   0.13
xxh64-ints  16384   2.00  1.10 |   0.00639   0.00639   0.00640 |    0.00   -0.14 |     0.00     5.42 |   0.00
xxh64-ints  16384   4.00  1.00 |   0.00730   0.00460   0.00717 |   37.02    1.72 |   -17.96    -0.90 |  56.20
xxh64-ints  16384   4.00  1.02 |   0.00703   0.00697   0.00619 |    0.80   11.94 |    -2.16   -12.83 |   0.53
xxh64-ints  16384   4.00  1.10 |   0.00723   0.00723   0.00724 |    0.00   -0.12 |     0.00     5.14 |   0.00
xxh64-ints  16384   8.00  1.00 |   0.00768   0.00541   0.00776 |   29.48   -1.08 |   -17.43     0.66 |  49.67
xxh64-ints  16384   8.00  1.02 |   0.00762   0.00761   0.00693 |    0.21    9.15 |    -1.34   -13.78 |   0.20
xxh64-ints  16384   8.00  1.10 |   0.00773   0.00773   0.00773 |    0.00   -0.01 |     0.00     0.55 |   0.00
xxh64-ints  16384  16.00  1.00 |   0.00801   0.00514   0.00749 |   35.84    6.50 |   -18.36    -3.51 |  53.80
xxh64-ints  16384  16.00  1.02 |   0.00798   0.00792   0.00702 |    0.76   11.95 |    -3.05   -14.34 |   1.00
xxh64-ints  16384  16.00  1.10 |   0.00798   0.00798   0.00799 |    0.00   -0.07 |     0.00     3.21 |   0.00
xxh64-ints  16384  32.00  1.00 |   0.00786   0.00470   0.00718 |   40.19    8.65 |   -19.39    -4.46 |  55.93
xxh64-ints  16384  32.00  1.02 |   0.00791   0.00783   0.00683 |    0.96   13.55 |    -2.90   -14.49 |   1.07
xxh64-ints  16384  32.00  1.10 |   0.00768   0.00768   0.00769 |    0.00   -0.18 |     0.00     8.30 |   0.00
     ideal   1024   0.05  1.00 |   0.02253   0.01750   0.02840 |   22.33  -26.08 |   -26.40    26.34 |  64.20
     ideal   1024   0.05  1.02 |   0.02209   0.02026   0.02079 |    8.29    5.89 |   -24.02    -5.72 |  27.80
     ideal   1024   0.05  1.10 |   0.02150   0.02150   0.02094 |    0.00    2.61 |     0.00   -31.19 |   0.00
     ideal   1024   0.10  1.00 |   0.02219   0.01580   0.02765 |   28.80  -24.60 |   -20.43    17.56 |  46.13
     ideal   1024   0.10  1.02 |   0.02189   0.01900   0.01984 |   13.21    9.35 |   -13.07    -6.16 |  26.20
     ideal   1024   0.10  1.10 |   0.02189   0.02189   0.02109 |    0.00    3.64 |     0.00   -21.13 |   0.00
     ideal   1024   0.25  1.00 |   0.02348   0.01665   0.02831 |   29.10  -20.54 |   -16.92    12.67 |  49.13
     ideal   1024   0.25  1.02 |   0.02311   0.01985   0.02089 |   14.11    9.59 |   -13.02    -6.33 |  19.87
     ideal   1024   0.25  1.10 |   0.02318   0.02318   0.02230 |    0.00    3.79 |     0.00   -13.99 |   0.00
     ideal   1024   0.50  1.00 |   0.02445   0.01734   0.02851 |   29.05  -16.64 |   -17.14    10.37 |  53.60
     ideal   1024   0.50  1.02 |   0.02402   0.02003   0.02091 |   16.62   12.98 |   -13.26    -7.88 |  22.87
     ideal   1024   0.50  1.10 |   0.02375   0.02375   0.02266 |    0.00    4.62 |     0.00   -12.71 |   0.00
     ideal   1024   1.00  1.00 |   0.02454   0.01701   0.02823 |   30.69  -15.05 |   -17.88     9.28 |  51.33
     ideal   1024   1.00  1.02 |   0.02531   0.02066   0.02126 |   18.38   15.98 |   -12.70    -8.98 |  19.53
     ideal   1024   1.00  1.10 |   0.02469   0.02469   0.02339 |    0.00    5.25 |     0.00   -12.34 |   0.00
     ideal   1024   2.00  1.00 |   0.02576   0.01712   0.02828 |   33.57   -9.76 |   -17.13     5.38 |  50.93
     ideal   1024   2.00  1.02 |   0.02619   0.02068   0.02089 |   21.02   20.21 |   -13.30   -10.53 |  24.60
     ideal   1024   2.00  1.10 |   0.02549   0.02547   0.02406 |    0.06    5.57 |    -1.00   -10.63 |   0.07
     ideal   1024   4.00  1.00 |   0.02936   0.01934   0.02925 |   34.12    0.37 |   -17.50    -0.20 |  51.67
     ideal   1024   4.00  1.02 |   0.02880   0.02251   0.02270 |   21.85   21.18 |   -12.60   -10.65 |  25.00
     ideal   1024   4.00  1.10 |   0.02871   0.02871   0.02689 |    0.00    6.36 |     0.00   -13.82 |   0.00
     ideal   1024   8.00  1.00 |   0.03012   0.02152   0.03077 |   28.53   -2.17 |   -16.70     1.32 |  48.60
     ideal   1024   8.00  1.02 |   0.03050   0.02380   0.02405 |   21.95   21.15 |   -13.07   -11.10 |  23.73
     ideal   1024   8.00  1.10 |   0.03001   0.03000   0.02839 |    0.06    5.42 |    -1.00   -11.98 |   0.07
     ideal   1024  16.00  1.00 |   0.03192   0.02125   0.03041 |   33.43    4.75 |   -17.24    -2.58 |  49.47
     ideal   1024  16.00  1.02 |   0.03164   0.02351   0.02334 |   25.68   26.24 |   -14.41   -13.01 |  27.13
     ideal   1024  16.00  1.10 |   0.03215   0.03211   0.03005 |    0.13    6.53 |    -1.00   -11.88 |   0.07
     ideal   1024  32.00  1.00 |   0.03226   0.02158   0.03052 |   33.10    5.39 |   -15.97    -2.77 |  51.13
     ideal   1024  32.00  1.02 |   0.03259   0.02590   0.02585 |   20.53   20.68 |   -13.18   -11.78 |  25.27
     ideal   1024  32.00  1.10 |   0.03201   0.03198   0.03016 |    0.10    5.77 |    -1.81   -11.44 |   0.27
     ideal   4096   0.05  1.00 |   0.01124   0.00849   0.01438 |   24.48  -27.86 |   -19.67    21.83 |  59.67
     ideal   4096   0.05  1.02 |   0.01103   0.01088   0.00889 |    1.30   19.42 |    -5.36   -16.44 |   3.73
     ideal   4096   0.05  1.10 |   0.01124   0.01124   0.01125 |    0.00   -0.09 |     0.00     1.42 |   0.00
     ideal   4096   0.10  1.00 |   0.01086   0.00785   0.01407 |   27.67  -29.59 |   -19.11    20.75 |  47.53
     ideal   4096   0.10  1.02 |   0.01111   0.01083   0.00888 |    2.51   20.10 |    -5.32   -14.96 |   3.27
     ideal   4096   0.10  1.10 |   0.01121   0.01121   0.01122 |    0.00   -0.02 |     0.00     0.39 |   0.00
     ideal   4096   0.25  1.00 |   0.01150   0.00840   0.01438 |   26.94  -25.07 |   -18.33    17.37 |  47.67
     ideal   4096   0.25  1.02 |   0.01142   0.01114   0.00914 |    2.48   19.98 |    -5.73   -15.26 |   3.60
     ideal   4096   0.25  1.10 |   0.01159   0.01159   0.01161 |    0.00   -0.15 |     0.00     2.58 |   0.00
     ideal   4096   0.50  1.00 |   0.01219   0.00870   0.01452 |   28.62  -19.03 |   -17.04    11.91 |  48.27
     ideal   4096   0.50  1.02 |   0.01212   0.01146   0.00924 |    5.44   23.74 |    -7.02   -14.86 |   5.87
     ideal   4096   0.50  1.10 |   0.01184   0.01184   0.01185 |    0.00   -0.08 |     0.00     1.45 |   0.00
     ideal   4096   1.00  1.00 |   0.01250   0.00863   0.01443 |   30.98  -15.44 |   -17.32     9.22 |  47.13
     ideal   4096   1.00  1.02 |   0.01302   0.01228   0.01002 |    5.72   23.07 |    -6.79   -15.58 |   4.20
     ideal   4096   1.00  1.10 |   0.01269   0.01269   0.01270 |    0.00   -0.07 |     0.00     1.31 |   0.00
     ideal   4096   2.00  1.00 |   0.01316   0.00880   0.01436 |   33.14   -9.15 |   -17.74     5.24 |  52.80
     ideal   4096   2.00  1.02 |   0.01278   0.01203   0.00956 |    5.88   25.23 |    -7.02   -15.87 |   6.27
     ideal   4096   2.00  1.10 |   0.01355   0.01355   0.01357 |    0.00   -0.17 |     0.00     3.32 |   0.00
     ideal   4096   4.00  1.00 |   0.01428   0.00965   0.01482 |   32.40   -3.81 |   -18.08     2.24 |  51.20
     ideal   4096   4.00  1.02 |   0.01489   0.01337   0.01057 |   10.22   29.06 |    -9.20   -16.77 |  10.47
     ideal   4096   4.00  1.10 |   0.01458   0.01458   0.01460 |    0.00   -0.14 |     0.00     3.10 |   0.00
     ideal   4096   8.00  1.00 |   0.01471   0.01056   0.01544 |   28.23   -4.91 |   -17.19     3.10 |  48.27
     ideal   4096   8.00  1.02 |   0.01516   0.01396   0.01184 |    7.92   21.89 |    -7.83   -14.50 |   8.67
     ideal   4096   8.00  1.10 |   0.01488   0.01488   0.01489 |    0.00   -0.04 |     0.00     0.96 |   0.00
     ideal   4096  16.00  1.00 |   0.01594   0.01129   0.01582 |   29.16    0.74 |   -16.18    -0.43 |  49.13
     ideal   4096  16.00  1.02 |   0.01583   0.01443   0.01205 |    8.82   23.89 |    -8.34   -15.49 |  10.67
     ideal   4096  16.00  1.10 |   0.01549   0.01549   0.01547 |    0.00    0.09 |     0.00    -2.10 |   0.00
     ideal   4096  32.00  1.00 |   0.01562   0.01109   0.01565 |   29.02   -0.16 |   -18.45     0.10 |  50.07
     ideal   4096  32.00  1.02 |   0.01610   0.01486   0.01245 |    7.73   22.69 |    -9.16   -16.90 |  10.73
     ideal   4096  32.00  1.10 |   0.01563   0.01563   0.01564 |    0.00   -0.03 |     0.00     0.70 |   0.00
     ideal  16384   0.05  1.00 |   0.00548   0.00399   0.00708 |   27.11  -29.30 |   -17.57    19.65 |  53.27
     ideal  16384   0.05  1.02 |   0.00556   0.00556   0.00515 |    0.00    7.50 |     0.00   -17.19 |   0.00
     ideal  16384   0.05  1.10 |   0.00581   0.00581   0.00581 |    0.00   -0.02 |     0.00     0.79 |   0.00
     ideal  16384   0.10  1.00 |   0.00557   0.00416   0.00716 |   25.43  -28.42 |   -18.15    20.47 |  51.73
     ideal  16384   0.10  1.02 |   0.00569   0.00568   0.00524 |    0.04    7.81 |    -1.00   -14.35 |   0.07
     ideal  16384   0.10  1.10 |   0.00554   0.00554   0.00554 |    0.00   -0.00 |     0.00     0.05 |   0.00
     ideal  16384   0.25  1.00 |   0.00590   0.00410   0.00706 |   30.49  -19.74 |   -17.78    12.18 |  51.80
     ideal  16384   0.25  1.02 |   0.00560   0.00560   0.00517 |    0.00    7.66 |     0.00   -15.46 |   0.00
     ideal  16384   0.25  1.10 |   0.00592   0.00592   0.00592 |    0.00   -0.01 |     0.00     0.41 |   0.00
     ideal  16384   0.50  1.00 |   0.00590   0.00418   0.00713 |   29.13  -20.94 |   -17.38    13.16 |  51.47
     ideal  16384   0.50  1.02 |   0.00610   0.00610   0.00564 |    0.00    7.60 |     0.00   -14.48 |   0.00
     ideal  16384   0.50  1.10 |   0.00598   0.00598   0.00598 |    0.00    0.01 |     0.00    -0.31 |   0.00
     ideal  16384   1.00  1.00 |   0.00760   0.00510   0.00748 |   32.84    1.50 |   -26.63    -1.16 |  49.40
     ideal  16384   1.00  1.02 |   0.00761   0.00760   0.00689 |    0.03    9.39 |    -1.09   -20.32 |   0.20
     ideal  16384   1.00  1.10 |   0.00764   0.00764   0.00765 |    0.00   -0.09 |     0.00     4.01 |   0.00
     ideal  16384   2.00  1.00 |   0.00670   0.00424   0.00706 |   36.66   -5.43 |   -17.91     2.88 |  52.60
     ideal  16384   2.00  1.02 |   0.00646   0.00645   0.00584 |    0.16    9.69 |    -1.72   -13.64 |   0.27
     ideal  16384   2.00  1.10 |   0.00662   0.00662   0.00663 |    0.00   -0.13 |     0.00     4.91 |   0.00
     ideal  16384   4.00  1.00 |   0.00724   0.00445   0.00708 |   38.56    2.14 |   -18.56    -1.11 |  56.07
     ideal  16384   4.00  1.02 |   0.00710   0.00706   0.00630 |    0.52   11.23 |    -1.73   -13.23 |   0.33
     ideal  16384   4.00  1.10 |   0.00745   0.00745   0.00746 |    0.00   -0.16 |     0.00     6.98 |   0.00
     ideal  16384   8.00  1.00 |   0.00749   0.00507   0.00752 |   32.24   -0.46 |   -17.34     0.26 |  51.20
     ideal  16384   8.00  1.02 |   0.00761   0.00758   0.00691 |    0.34    9.17 |    -2.75   -13.49 |   0.60
     ideal  16384   8.00  1.10 |   0.00762   0.00762   0.00762 |    0.00   -0.01 |     0.00     0.36 |   0.00
     ideal  16384  16.00  1.00 |   0.00801   0.00559   0.00784 |   30.23    2.03 |   -17.52    -1.22 |  49.73
     ideal  16384  16.00  1.02 |   0.00788   0.00787   0.00709 |    0.19   10.11 |    -1.58   -14.88 |   0.33
     ideal  16384  16.00  1.10 |   0.00794   0.00794   0.00794 |    0.00   -0.03 |     0.00     1.56 |   0.00
     ideal  16384  32.00  1.00 |   0.00799   0.00578   0.00799 |   27.62    0.04 |   -17.27    -0.03 |  50.47
     ideal  16384  32.00  1.02 |   0.00802   0.00795   0.00716 |    0.88   10.74 |    -2.60   -12.84 |   0.80
     ideal  16384  32.00  1.10 |   0.00784   0.00784   0.00784 |    0.00   -0.03 |     0.00     1.31 |   0.00

cells where clip >1% worse: NONE
