exp3 modern sketches  (lg_k=10, T=500, seed=987654321, datasketches 4.1.0, tpm sigma calibrated on seed 555)

     arm      n     d |  rmse_raw rmse_clip  rmse_tpm |  dCLIP%   dTPM% |  z_clip   z_tpm |  bind%
--------------------------------------------------------------------------------------------------
 hll_hip   2000  1.00 |   0.01999   0.01264   0.01807 |   36.76    9.59 |   -10.6    -2.9 |  56.60
 hll_hip   2000  1.02 |   0.02000   0.01760   0.01514 |   11.97   24.31 |    -7.3   -10.2 |  17.20
 hll_hip   2000  1.10 |   0.02039   0.02039   0.02033 |    0.00    0.29 |     0.0    -2.2 |   0.00
 hll_hip   2000  2.00 |   0.01901   0.01901   0.01902 |    0.00   -0.07 |     0.0     0.8 |   0.00
 hll_hip   8000  1.00 |   0.02345   0.01627   0.02337 |   30.62    0.32 |   -10.1    -0.1 |  50.80
 hll_hip   8000  1.02 |   0.02323   0.01987   0.01851 |   14.47   20.30 |    -6.9    -7.5 |  18.00
 hll_hip   8000  1.10 |   0.02523   0.02523   0.02468 |    0.00    2.19 |     0.0    -4.7 |   0.00
 hll_hip   8000  2.00 |   0.02354   0.02354   0.02355 |    0.00   -0.04 |     0.0     0.3 |   0.00
 hll_hip  32000  1.00 |   0.02537   0.01685   0.02334 |   33.58    7.99 |   -10.0    -2.5 |  51.00
 hll_hip  32000  1.02 |   0.02558   0.02143   0.01985 |   16.25   22.43 |    -7.9    -8.7 |  19.80
 hll_hip  32000  1.10 |   0.02667   0.02667   0.02614 |    0.00    2.02 |     0.0    -5.0 |   0.00
 hll_hip  32000  2.00 |   0.02510   0.02510   0.02509 |    0.00    0.04 |     0.0    -0.4 |   0.00
     cpc   2000  1.00 |   0.01442   0.01025   0.01326 |   28.92    8.02 |    -9.7    -2.8 |  49.40
     cpc   2000  1.02 |   0.01339   0.01287   0.01079 |    3.92   19.44 |    -3.9   -10.3 |   6.40
     cpc   2000  1.10 |   0.01398   0.01398   0.01399 |    0.00   -0.08 |     0.0     1.5 |   0.00
     cpc   2000  2.00 |   0.01328   0.01328   0.01329 |    0.00   -0.08 |     0.0     1.4 |   0.00
     cpc   8000  1.00 |   0.01515   0.01130   0.01516 |   25.39   -0.09 |   -10.5     0.0 |  51.20
     cpc   8000  1.02 |   0.01559   0.01447   0.01228 |    7.19   21.19 |    -5.1    -9.4 |  11.00
     cpc   8000  1.10 |   0.01452   0.01452   0.01452 |    0.00    0.03 |     0.0    -0.4 |   0.00
     cpc   8000  2.00 |   0.01484   0.01484   0.01485 |    0.00   -0.05 |     0.0     0.8 |   0.00
     cpc  32000  1.00 |   0.01742   0.01212   0.01687 |   30.41    3.15 |   -10.0    -1.1 |  50.40
     cpc  32000  1.02 |   0.01760   0.01558   0.01287 |   11.46   26.84 |    -5.8    -9.6 |  14.20
     cpc  32000  1.10 |   0.01718   0.01718   0.01717 |    0.00    0.08 |     0.0    -1.1 |   0.00
     cpc  32000  2.00 |   0.01776   0.01776   0.01775 |    0.00    0.06 |     0.0    -0.8 |   0.00

   hll_hip: d=1.0 avg clip dRMSE =  33.65%
       cpc: d=1.0 avg clip dRMSE =  28.24%
cells where clip >1% worse: NONE
runtime 86s
