exp3 modern sketches  (lg_k=10, T=500, seed=20260612, datasketches 4.1.0, tpm sigma calibrated on seed 555)

     arm      n     d |  rmse_raw rmse_clip  rmse_tpm |  dCLIP%   dTPM% |  z_clip   z_tpm |  bind%
--------------------------------------------------------------------------------------------------
 hll_hip   2000  1.00 |   0.02141   0.01524   0.02015 |   28.84    5.90 |    -9.1    -1.9 |  45.80
 hll_hip   2000  1.02 |   0.02028   0.01809   0.01581 |   10.79   22.01 |    -6.6    -9.5 |  16.20
 hll_hip   2000  1.10 |   0.01991   0.01991   0.01986 |    0.00    0.27 |     0.0    -3.4 |   0.00
 hll_hip   2000  2.00 |   0.02048   0.02048   0.02049 |    0.00   -0.08 |     0.0     0.9 |   0.00
 hll_hip   8000  1.00 |   0.02230   0.01506   0.02275 |   32.46   -2.05 |   -10.5     0.7 |  49.40
 hll_hip   8000  1.02 |   0.02458   0.02006   0.01806 |   18.37   26.51 |    -7.6    -8.9 |  20.40
 hll_hip   8000  1.10 |   0.02345   0.02345   0.02317 |    0.00    1.19 |     0.0    -6.7 |   0.00
 hll_hip   8000  2.00 |   0.02497   0.02497   0.02501 |    0.00   -0.15 |     0.0     1.3 |   0.00
 hll_hip  32000  1.00 |   0.02625   0.01964   0.02523 |   25.21    3.91 |   -10.3    -1.6 |  49.60
 hll_hip  32000  1.02 |   0.02714   0.02224   0.02059 |   18.04   24.13 |    -7.2    -8.3 |  21.80
 hll_hip  32000  1.10 |   0.02467   0.02467   0.02439 |    0.00    1.13 |     0.0    -5.9 |   0.00
 hll_hip  32000  2.00 |   0.02653   0.02653   0.02654 |    0.00   -0.07 |     0.0     0.7 |   0.00
     cpc   2000  1.00 |   0.01389   0.00988   0.01304 |   28.82    6.10 |   -10.0    -2.2 |  48.00
     cpc   2000  1.02 |   0.01287   0.01221   0.01019 |    5.15   20.86 |    -4.1    -9.5 |   6.40
     cpc   2000  1.10 |   0.01364   0.01364   0.01364 |    0.00    0.05 |     0.0    -0.9 |   0.00
     cpc   2000  2.00 |   0.01398   0.01398   0.01398 |    0.00   -0.05 |     0.0     1.0 |   0.00
     cpc   8000  1.00 |   0.01587   0.01104   0.01490 |   30.45    6.10 |    -9.3    -2.0 |  50.00
     cpc   8000  1.02 |   0.01539   0.01415   0.01213 |    8.05   21.15 |    -4.7    -8.5 |   8.40
     cpc   8000  1.10 |   0.01580   0.01580   0.01581 |    0.00   -0.06 |     0.0     1.0 |   0.00
     cpc   8000  2.00 |   0.01551   0.01551   0.01553 |    0.00   -0.07 |     0.0     1.1 |   0.00
     cpc  32000  1.00 |   0.01827   0.01310   0.01759 |   28.28    3.71 |    -9.8    -1.3 |  46.80
     cpc  32000  1.02 |   0.01667   0.01500   0.01263 |    9.99   24.24 |    -5.3    -9.0 |  10.80
     cpc  32000  1.10 |   0.01740   0.01740   0.01738 |    0.00    0.11 |     0.0    -1.4 |   0.00
     cpc  32000  2.00 |   0.01726   0.01726   0.01728 |    0.00   -0.12 |     0.0     1.5 |   0.00

   hll_hip: d=1.0 avg clip dRMSE =  28.84%
       cpc: d=1.0 avg clip dRMSE =  29.18%
cells where clip >1% worse: NONE
runtime 85s
