POOLED exp3 over 3 seeds (T=1500/cell), 95% paired bootstrap CIs (B=2000)

     arm      n     d |  rmse_raw |          dCLIP% [95% CI]           dTPM% [95% CI] |   z_clip |  bind%
---------------------------------------------------------------------------------------------------------
 hll_hip   2000  1.00 |   0.02080 |   30.73 [ 27.63, 33.88]    6.52 [  3.37,  9.85] |   -17.00 |  50.20
 hll_hip   2000  1.02 |   0.02020 |   11.97 [ 10.29, 13.74]   23.71 [ 21.10, 26.39] |   -11.77 |  16.53
 hll_hip   2000  1.10 |   0.02000 |    0.00 [  0.00,  0.00]    0.21 [  0.10,  0.32] |     0.00 |   0.00
 hll_hip   2000  2.00 |   0.01980 |    0.00 [  0.00,  0.00]   -0.10 [ -0.20, -0.00] |     0.00 |   0.00
 hll_hip   8000  1.00 |   0.02340 |   31.39 [ 28.32, 34.69]    0.49 [ -2.90,  3.94] |   -17.34 |  50.07
 hll_hip   8000  1.02 |   0.02363 |   16.54 [ 14.38, 18.71]   23.37 [ 20.55, 26.16] |   -12.36 |  19.13
 hll_hip   8000  1.10 |   0.02398 |    0.00 [  0.00,  0.00]    1.67 [  1.33,  2.08] |     0.00 |   0.00
 hll_hip   8000  2.00 |   0.02357 |    0.00 [  0.00,  0.00]   -0.10 [ -0.23,  0.03] |     0.00 |   0.00
 hll_hip  32000  1.00 |   0.02550 |   28.46 [ 25.52, 31.61]    4.80 [  1.98,  7.67] |   -17.00 |  50.93
 hll_hip  32000  1.02 |   0.02627 |   17.33 [ 14.95, 19.67]   24.05 [ 21.20, 26.91] |   -12.42 |  21.27
 hll_hip  32000  1.10 |   0.02580 |    0.00 [  0.00,  0.00]    1.57 [  1.27,  1.89] |     0.00 |   0.00
 hll_hip  32000  2.00 |   0.02545 |    0.00 [  0.00,  0.00]   -0.02 [ -0.14,  0.10] |     0.00 |   0.00
     cpc   2000  1.00 |   0.01419 |   30.79 [ 27.61, 33.99]    8.73 [  5.73, 11.89] |   -17.36 |  50.13
     cpc   2000  1.02 |   0.01337 |    5.18 [  3.79,  6.66]   20.50 [ 18.31, 22.73] |    -6.43 |   6.13
     cpc   2000  1.10 |   0.01349 |    0.00 [  0.00,  0.00]   -0.02 [ -0.08,  0.04] |     0.00 |   0.00
     cpc   2000  2.00 |   0.01357 |    0.00 [  0.00,  0.00]   -0.03 [ -0.08,  0.03] |     0.00 |   0.00
     cpc   8000  1.00 |   0.01562 |   28.52 [ 25.58, 31.82]    3.86 [  0.74,  6.90] |   -17.05 |  50.13
     cpc   8000  1.02 |   0.01550 |    8.05 [  6.54,  9.56]   22.67 [ 20.30, 25.05] |    -8.78 |  10.27
     cpc   8000  1.10 |   0.01557 |    0.00 [  0.00,  0.00]    0.03 [ -0.05,  0.09] |     0.00 |   0.00
     cpc   8000  2.00 |   0.01532 |    0.00 [  0.00,  0.00]   -0.07 [ -0.14,  0.00] |     0.00 |   0.00
     cpc  32000  1.00 |   0.01775 |   28.33 [ 25.19, 31.73]    2.54 [ -0.52,  5.49] |   -17.63 |  49.27
     cpc  32000  1.02 |   0.01767 |   11.45 [  9.57, 13.26]   25.43 [ 22.87, 28.15] |   -10.23 |  13.40
     cpc  32000  1.10 |   0.01719 |    0.00 [  0.00,  0.00]    0.08 [ -0.01,  0.16] |     0.00 |   0.00
     cpc  32000  2.00 |   0.01755 |    0.00 [  0.00,  0.00]   -0.06 [ -0.15,  0.03] |     0.00 |   0.00

cells where clip >1% worse than raw: NONE
