exp3 modern sketches  (lg_k=10, T=500, seed=31337, datasketches 4.1.0, tpm sigma calibrated on seed 555)

     arm      n     d |  rmse_raw rmse_clip  rmse_tpm |  dCLIP%   dTPM% |  z_clip   z_tpm |  bind%
--------------------------------------------------------------------------------------------------
 hll_hip   2000  1.00 |   0.02098   0.01520   0.02005 |   27.56    4.44 |    -9.9    -1.6 |  48.20
 hll_hip   2000  1.02 |   0.02031   0.01764   0.01526 |   13.15   24.85 |    -6.6    -9.3 |  16.20
 hll_hip   2000  1.10 |   0.01969   0.01969   0.01968 |    0.00    0.06 |     0.0    -0.7 |   0.00
 hll_hip   2000  2.00 |   0.01987   0.01987   0.01990 |    0.00   -0.16 |     0.0     1.8 |   0.00
 hll_hip   8000  1.00 |   0.02442   0.01680   0.02373 |   31.22    2.82 |    -9.6    -0.9 |  50.00
 hll_hip   8000  1.02 |   0.02306   0.01923   0.01775 |   16.60   23.03 |    -6.9    -7.6 |  19.00
 hll_hip   8000  1.10 |   0.02322   0.02322   0.02286 |    0.00    1.55 |     0.0    -3.5 |   0.00
 hll_hip   8000  2.00 |   0.02210   0.02210   0.02213 |    0.00   -0.10 |     0.0     0.8 |   0.00
 hll_hip  32000  1.00 |   0.02485   0.01813   0.02422 |   27.05    2.55 |    -9.3    -0.9 |  52.20
 hll_hip  32000  1.02 |   0.02606   0.02147   0.01939 |   17.62   25.57 |    -6.7    -8.3 |  22.20
 hll_hip  32000  1.10 |   0.02602   0.02602   0.02563 |    0.00    1.50 |     0.0    -4.5 |   0.00
 hll_hip  32000  2.00 |   0.02468   0.02468   0.02468 |    0.00   -0.01 |     0.0     0.1 |   0.00
     cpc   2000  1.00 |   0.01426   0.00931   0.01254 |   34.72   12.06 |   -10.5    -3.8 |  53.00
     cpc   2000  1.02 |   0.01383   0.01294   0.01090 |    6.40   21.18 |    -3.6    -8.6 |   5.60
     cpc   2000  1.10 |   0.01282   0.01282   0.01283 |    0.00   -0.03 |     0.0     0.5 |   0.00
     cpc   2000  2.00 |   0.01344   0.01344   0.01344 |    0.00    0.05 |     0.0    -0.9 |   0.00
     cpc   8000  1.00 |   0.01584   0.01116   0.01500 |   29.55    5.33 |   -10.3    -1.9 |  49.20
     cpc   8000  1.02 |   0.01552   0.01414   0.01152 |    8.93   25.76 |    -5.5   -10.3 |  11.40
     cpc   8000  1.10 |   0.01634   0.01634   0.01632 |    0.00    0.10 |     0.0    -1.7 |   0.00
     cpc   8000  2.00 |   0.01561   0.01561   0.01562 |    0.00   -0.09 |     0.0     1.4 |   0.00
     cpc  32000  1.00 |   0.01755   0.01292   0.01743 |   26.39    0.69 |   -11.2    -0.3 |  50.60
     cpc  32000  1.02 |   0.01868   0.01632   0.01398 |   12.61   25.13 |    -6.6    -9.5 |  15.20
     cpc  32000  1.10 |   0.01697   0.01697   0.01697 |    0.00    0.04 |     0.0    -0.5 |   0.00
     cpc  32000  2.00 |   0.01763   0.01763   0.01765 |    0.00   -0.13 |     0.0     1.7 |   0.00

   hll_hip: d=1.0 avg clip dRMSE =  28.61%
       cpc: d=1.0 avg clip dRMSE =  30.22%
cells where clip >1% worse: NONE
runtime 85s
