POOLED exp4 over 3 seeds (T=1800/cell), 95% paired bootstrap CIs (B=2000)

       arm      m      d x=(d-1)/s |  rmse_raw |          dCLIP% [95% CI]           dTPM% [95% CI] |   z_clip |  bind%
----------------------------------------------------------------------------------------------------------------------
xxh64-ints    256  1.000      0.00 |   0.06020 |   31.02 [ 28.22, 33.90]    2.25 [ -0.76,  5.17] |   -18.54 |  50.50
xxh64-ints    256  1.005      0.08 |   0.05991 |   31.77 [ 28.97, 34.70]    5.47 [  2.41,  8.54] |   -17.52 |  43.89
xxh64-ints    256  1.010      0.17 |   0.06214 |   32.74 [ 29.59, 35.94]   11.51 [  8.05, 14.81] |   -15.62 |  42.22
xxh64-ints    256  1.020      0.34 |   0.06127 |   28.73 [ 25.97, 31.56]   15.62 [ 12.66, 18.77] |   -16.41 |  35.94
xxh64-ints    256  1.030      0.51 |   0.06004 |   25.38 [ 22.95, 27.70]   19.55 [ 16.76, 22.50] |   -16.69 |  31.89
xxh64-ints    256  1.050      0.85 |   0.06024 |   19.19 [ 16.87, 21.60]   26.31 [ 23.62, 29.12] |   -12.98 |  20.89
xxh64-ints    256  1.070      1.19 |   0.06014 |   12.64 [ 10.82, 14.57]   26.55 [ 24.07, 29.25] |   -10.75 |  12.83
xxh64-ints    256  1.100      1.70 |   0.06289 |    7.56 [  6.00,  9.14]   26.99 [ 24.88, 29.08] |    -8.31 |   7.17
xxh64-ints    256  1.150      2.55 |   0.06069 |    0.65 [  0.24,  1.18]   15.92 [ 14.70, 17.10] |    -2.61 |   1.06
xxh64-ints    256  1.200      3.40 |   0.05889 |    0.02 [  0.00,  0.05]    7.87 [  7.19,  8.62] |    -1.06 |   0.11
xxh64-ints   1024  1.000      0.00 |   0.03148 |   25.48 [ 22.93, 28.24]   -1.97 [ -4.76,  0.95] |   -17.39 |  46.33
xxh64-ints   1024  1.005      0.16 |   0.03013 |   24.97 [ 22.23, 27.69]    2.39 [ -0.62,  5.16] |   -16.66 |  40.44
xxh64-ints   1024  1.010      0.32 |   0.03112 |   23.31 [ 20.91, 25.83]    9.53 [  7.24, 12.11] |   -17.79 |  34.56
xxh64-ints   1024  1.020      0.64 |   0.03109 |   17.92 [ 15.68, 20.11]   16.56 [ 14.02, 19.29] |   -13.69 |  22.28
xxh64-ints   1024  1.030      0.95 |   0.03021 |   10.30 [  8.54, 12.28]   19.15 [ 16.73, 21.72] |    -9.47 |  14.61
xxh64-ints   1024  1.050      1.59 |   0.03025 |    3.12 [  2.12,  4.22]   17.81 [ 15.96, 19.78] |    -5.59 |   3.78
xxh64-ints   1024  1.070      2.22 |   0.03132 |    0.77 [  0.36,  1.25]   12.19 [ 11.01, 13.49] |    -3.42 |   0.94
xxh64-ints   1024  1.100      3.18 |   0.03132 |    0.25 [  0.00,  0.60]    5.46 [  4.72,  6.22] |    -1.50 |   0.17
xxh64-ints   1024  1.150      4.76 |   0.03041 |    0.00 [  0.00,  0.00]    0.76 [  0.58,  0.97] |     0.00 |   0.00
xxh64-ints   1024  1.200      6.35 |   0.03148 |    0.00 [  0.00,  0.00]    0.18 [  0.03,  0.32] |     0.00 |   0.00
xxh64-ints   4096  1.000      0.00 |   0.01527 |   24.00 [ 21.52, 26.54]   -5.95 [ -8.88, -2.99] |   -17.29 |  45.50
xxh64-ints   4096  1.005      0.32 |   0.01541 |   23.42 [ 20.94, 25.87]    8.08 [  5.26, 10.83] |   -16.08 |  32.33
xxh64-ints   4096  1.010      0.64 |   0.01502 |   13.37 [ 11.34, 15.41]   10.50 [  8.31, 12.71] |   -12.43 |  19.33
xxh64-ints   4096  1.020      1.29 |   0.01568 |    7.01 [  5.58,  8.32]   18.75 [ 16.71, 21.01] |    -8.76 |   7.78
xxh64-ints   4096  1.030      1.93 |   0.01571 |    1.74 [  1.03,  2.56]   14.58 [ 13.12, 16.14] |    -4.35 |   2.00
xxh64-ints   4096  1.050      3.22 |   0.01538 |    0.00 [  0.00,  0.00]    4.20 [  3.71,  4.73] |     0.00 |   0.00
xxh64-ints   4096  1.070      4.51 |   0.01482 |    0.00 [  0.00,  0.00]    0.70 [  0.55,  0.87] |     0.00 |   0.00
xxh64-ints   4096  1.100      6.44 |   0.01553 |    0.00 [  0.00,  0.00]    0.12 [  0.04,  0.19] |     0.00 |   0.00
xxh64-ints   4096  1.150      9.66 |   0.01517 |    0.00 [  0.00,  0.00]    0.13 [  0.05,  0.21] |     0.00 |   0.00
xxh64-ints   4096  1.200     12.88 |   0.01553 |    0.00 [  0.00,  0.00]    0.17 [  0.09,  0.25] |     0.00 |   0.00
xxh64-ints  16384  1.000      0.00 |   0.00755 |   31.20 [ 28.39, 34.08]   -0.92 [ -4.11,  2.09] |   -18.90 |  50.17
xxh64-ints  16384  1.005      0.67 |   0.00765 |   19.97 [ 17.85, 22.26]   18.93 [ 16.23, 21.56] |   -15.16 |  23.44
xxh64-ints  16384  1.010      1.34 |   0.00767 |    8.11 [  6.71,  9.64]   23.02 [ 20.60, 25.36] |    -9.61 |   8.89
xxh64-ints  16384  1.020      2.67 |   0.00762 |    0.39 [  0.08,  0.90]   10.16 [  9.13, 11.28] |    -1.76 |   0.56
xxh64-ints  16384  1.030      4.01 |   0.00758 |    0.00 [  0.00,  0.00]    1.80 [  1.55,  2.09] |     0.00 |   0.00
xxh64-ints  16384  1.050      6.69 |   0.00765 |    0.00 [  0.00,  0.00]   -0.03 [ -0.07,  0.01] |     0.00 |   0.00
xxh64-ints  16384  1.070      9.36 |   0.00769 |    0.00 [  0.00,  0.00]   -0.00 [ -0.04,  0.04] |     0.00 |   0.00
xxh64-ints  16384  1.100     13.37 |   0.00768 |    0.00 [  0.00,  0.00]   -0.01 [ -0.05,  0.03] |     0.00 |   0.00
xxh64-ints  16384  1.150     20.06 |   0.00761 |    0.00 [  0.00,  0.00]   -0.02 [ -0.06,  0.02] |     0.00 |   0.00
xxh64-ints  16384  1.200     26.75 |   0.00748 |    0.00 [  0.00,  0.00]    0.01 [ -0.03,  0.05] |     0.00 |   0.00
     ideal    256  1.000      0.00 |   0.06074 |   30.81 [ 27.75, 33.73]    2.34 [ -0.86,  5.62] |   -17.02 |  49.44
     ideal    256  1.005      0.08 |   0.06187 |   28.96 [ 26.24, 31.81]    5.13 [  2.07,  8.02] |   -17.24 |  44.28
     ideal    256  1.010      0.17 |   0.06175 |   31.49 [ 28.58, 34.58]   10.54 [  7.21, 13.76] |   -16.06 |  42.50
     ideal    256  1.020      0.33 |   0.06137 |   29.49 [ 26.74, 32.07]   16.29 [ 13.36, 19.32] |   -17.05 |  36.89
     ideal    256  1.030      0.50 |   0.06120 |   25.16 [ 22.46, 27.84]   18.91 [ 16.03, 21.82] |   -14.92 |  29.17
     ideal    256  1.050      0.83 |   0.06092 |   19.51 [ 17.06, 21.79]   25.79 [ 22.90, 28.38] |   -12.86 |  19.89
     ideal    256  1.070      1.16 |   0.06149 |   13.48 [ 11.52, 15.61]   28.13 [ 25.60, 30.59] |   -10.45 |  13.61
     ideal    256  1.100      1.66 |   0.06026 |    5.21 [  3.91,  6.50]   25.22 [ 23.33, 27.30] |    -6.87 |   5.50
     ideal    256  1.150      2.49 |   0.06095 |    1.06 [  0.44,  1.74]   15.52 [ 14.20, 16.84] |    -3.00 |   1.11
     ideal    256  1.200      3.32 |   0.06028 |    0.23 [  0.00,  0.69]    7.93 [  7.16,  8.81] |    -1.03 |   0.11
     ideal   1024  1.000      0.00 |   0.03122 |   33.26 [ 30.26, 36.27]    3.27 [ -0.21,  6.55] |   -17.12 |  50.61
     ideal   1024  1.005      0.16 |   0.03063 |   27.88 [ 25.09, 30.77]    5.56 [  2.64,  8.53] |   -17.41 |  41.72
     ideal   1024  1.010      0.33 |   0.03051 |   27.86 [ 25.34, 30.60]   12.88 [  9.90, 15.79] |   -17.31 |  36.44
     ideal   1024  1.020      0.65 |   0.03124 |   21.54 [ 19.06, 24.04]   21.01 [ 18.20, 23.71] |   -14.33 |  23.94
     ideal   1024  1.030      0.98 |   0.03066 |   16.01 [ 14.04, 17.93]   27.12 [ 24.50, 29.86] |   -12.71 |  17.83
     ideal   1024  1.050      1.63 |   0.03057 |    4.88 [  3.50,  6.29]   21.89 [ 19.92, 23.98] |    -6.10 |   5.06
     ideal   1024  1.070      2.29 |   0.03114 |    1.83 [  1.07,  2.63]   15.95 [ 14.51, 17.40] |    -4.20 |   1.72
     ideal   1024  1.100      3.27 |   0.03036 |    0.20 [  0.02,  0.50]    6.44 [  5.69,  7.24] |    -1.48 |   0.22
     ideal   1024  1.150      4.90 |   0.02972 |    0.00 [  0.00,  0.00]    0.56 [  0.37,  0.76] |     0.00 |   0.00
     ideal   1024  1.200      6.54 |   0.03058 |    0.00 [  0.00,  0.00]   -0.01 [ -0.17,  0.15] |     0.00 |   0.00
     ideal   4096  1.000      0.00 |   0.01567 |   29.40 [ 26.56, 32.15]   -0.08 [ -3.24,  2.90] |   -17.91 |  49.28
     ideal   4096  1.005      0.33 |   0.01496 |   26.61 [ 23.85, 29.35]   10.26 [  7.47, 13.16] |   -16.43 |  35.33
     ideal   4096  1.010      0.65 |   0.01526 |   18.75 [ 16.63, 20.90]   17.89 [ 15.25, 20.37] |   -15.10 |  24.61
     ideal   4096  1.020      1.30 |   0.01527 |    8.37 [  6.95,  9.82]   24.84 [ 22.46, 27.23] |    -9.89 |  10.33
     ideal   4096  1.030      1.95 |   0.01529 |    2.39 [  1.64,  3.24]   17.12 [ 15.48, 18.88] |    -5.11 |   2.72
     ideal   4096  1.050      3.26 |   0.01536 |    0.00 [  0.00,  0.00]    5.10 [  4.49,  5.69] |     0.00 |   0.00
     ideal   4096  1.070      4.56 |   0.01476 |    0.00 [  0.00,  0.00]    0.55 [  0.44,  0.66] |     0.00 |   0.00
     ideal   4096  1.100      6.51 |   0.01551 |    0.00 [  0.00,  0.00]   -0.03 [ -0.11,  0.05] |     0.00 |   0.00
     ideal   4096  1.150      9.77 |   0.01596 |    0.00 [  0.00,  0.00]   -0.07 [ -0.14,  0.01] |     0.00 |   0.00
     ideal   4096  1.200     13.02 |   0.01536 |    0.00 [  0.00,  0.00]   -0.04 [ -0.12,  0.03] |     0.00 |   0.00
     ideal  16384  1.000      0.00 |   0.00762 |   28.57 [ 25.58, 31.40]   -2.26 [ -5.40,  0.88] |   -17.26 |  49.11
     ideal  16384  1.005      0.67 |   0.00748 |   17.61 [ 15.51, 19.79]   16.13 [ 13.54, 18.79] |   -14.30 |  23.61
     ideal  16384  1.010      1.35 |   0.00765 |    8.14 [  6.75,  9.53]   22.69 [ 20.54, 25.11] |    -9.87 |   9.61
     ideal  16384  1.020      2.69 |   0.00771 |    0.63 [  0.22,  1.14]    9.32 [  8.26, 10.48] |    -2.54 |   0.61
     ideal  16384  1.030      4.04 |   0.00748 |    0.00 [  0.00,  0.00]    1.30 [  1.13,  1.50] |     0.00 |   0.00
     ideal  16384  1.050      6.73 |   0.00760 |    0.00 [  0.00,  0.00]   -0.00 [ -0.04,  0.04] |     0.00 |   0.00
     ideal  16384  1.070      9.42 |   0.00747 |    0.00 [  0.00,  0.00]   -0.00 [ -0.05,  0.03] |     0.00 |   0.00
     ideal  16384  1.100     13.45 |   0.00757 |    0.00 [  0.00,  0.00]   -0.03 [ -0.07,  0.01] |     0.00 |   0.00
     ideal  16384  1.150     20.18 |   0.00766 |    0.00 [  0.00,  0.00]   -0.02 [ -0.06,  0.02] |     0.00 |   0.00
     ideal  16384  1.200     26.90 |   0.00743 |    0.00 [  0.00,  0.00]    0.01 [ -0.03,  0.05] |     0.00 |   0.00

empirical sigma (rmse_raw at d=1.20) and 5%-gain window edge d*:
       ideal m=   256: sigma=0.06028  d*(5%)=1.1025  (d*-1)/sigma=1.70
       ideal m=  1024: sigma=0.03058  d*(5%)=1.0498  (d*-1)/sigma=1.63
       ideal m=  4096: sigma=0.01536  d*(5%)=1.0256  (d*-1)/sigma=1.67
       ideal m= 16384: sigma=0.00743  d*(5%)=1.0142  (d*-1)/sigma=1.91
  xxh64-ints m=   256: sigma=0.05889  d*(5%)=1.1185  (d*-1)/sigma=2.01
  xxh64-ints m=  1024: sigma=0.03148  d*(5%)=1.0448  (d*-1)/sigma=1.42
  xxh64-ints m=  4096: sigma=0.01553  d*(5%)=1.0238  (d*-1)/sigma=1.53
  xxh64-ints m= 16384: sigma=0.00748  d*(5%)=1.0140  (d*-1)/sigma=1.88

cells where clip >1% worse than raw: NONE
