POOLED exp5 over 3 seeds (T=900/cell), 95% paired bootstrap CIs (B=2000)

     arm      n     d |  rmse_raw |          dCLIP% [95% CI]           dTPM% [95% CI] |   z_clip |  bind%
---------------------------------------------------------------------------------------------------------
pypi_hll  16384  1.00 |   0.00487 |   27.28 [ 23.46, 31.31]   -1.27 [ -5.52,  2.77] |   -12.87 |  48.44
pypi_hll  16384  1.01 |   0.00487 |    1.86 [  0.87,  2.99]   14.23 [ 12.15, 16.35] |    -3.11 |   1.89
pypi_hll  16384  1.02 |   0.00487 |    0.00 [  0.00,  0.00]    1.07 [  0.74,  1.44] |     0.00 |   0.00
pypi_hll  16384  1.03 |   0.00487 |    0.00 [  0.00,  0.00]    0.03 [ -0.01,  0.06] |     0.00 |   0.00
pypi_hll  16384  1.05 |   0.00487 |    0.00 [  0.00,  0.00]    0.02 [ -0.02,  0.05] |     0.00 |   0.00
pypi_hll  16384  1.10 |   0.00487 |    0.00 [  0.00,  0.00]    0.02 [ -0.02,  0.05] |     0.00 |   0.00
pypi_hll  16384  1.20 |   0.00487 |    0.00 [  0.00,  0.00]    0.02 [ -0.02,  0.05] |     0.00 |   0.00
pypi_hll  65536  1.00 |   0.00547 |   24.40 [ 20.72, 28.34]   -1.91 [ -5.58,  2.13] |   -12.11 |  47.00
pypi_hll  65536  1.01 |   0.00547 |    2.63 [  1.33,  4.14]   14.68 [ 12.34, 17.20] |    -3.33 |   2.67
pypi_hll  65536  1.02 |   0.00547 |    0.00 [  0.00,  0.00]    1.85 [  1.29,  2.54] |     0.00 |   0.00
pypi_hll  65536  1.03 |   0.00547 |    0.00 [  0.00,  0.00]    0.10 [  0.05,  0.16] |     0.00 |   0.00
pypi_hll  65536  1.05 |   0.00547 |    0.00 [  0.00,  0.00]    0.04 [  0.01,  0.08] |     0.00 |   0.00
pypi_hll  65536  1.10 |   0.00547 |    0.00 [  0.00,  0.00]    0.04 [  0.01,  0.08] |     0.00 |   0.00
pypi_hll  65536  1.20 |   0.00547 |    0.00 [  0.00,  0.00]    0.04 [  0.01,  0.08] |     0.00 |   0.00
pypi_hll 262144  1.00 |   0.00595 |   26.76 [ 23.36, 30.49]    4.03 [  0.37,  7.51] |   -14.40 |  48.00
pypi_hll 262144  1.01 |   0.00595 |    2.51 [  1.52,  3.56]   16.30 [ 14.08, 18.48] |    -4.49 |   4.22
pypi_hll 262144  1.02 |   0.00595 |    0.00 [  0.00,  0.00]    1.95 [  1.58,  2.35] |     0.00 |   0.00
pypi_hll 262144  1.03 |   0.00595 |    0.00 [  0.00,  0.00]    0.05 [  0.02,  0.08] |     0.00 |   0.00
pypi_hll 262144  1.05 |   0.00595 |    0.00 [  0.00,  0.00]    0.01 [ -0.02,  0.05] |     0.00 |   0.00
pypi_hll 262144  1.10 |   0.00595 |    0.00 [  0.00,  0.00]    0.01 [ -0.02,  0.05] |     0.00 |   0.00
pypi_hll 262144  1.20 |   0.00595 |    0.00 [  0.00,  0.00]    0.01 [ -0.02,  0.05] |     0.00 |   0.00

cells where clip >1% worse than raw: NONE
