POOLED exp6 over 3 seeds (T=1500/cell), 95% paired bootstrap CIs (B=2000)

     arm      n     d |  rmse_raw |          dCLIP% [95% CI]           dTPM% [95% CI] |   z_clip |  bind%
---------------------------------------------------------------------------------------------------------
ull_fgra   2000  1.00 |   0.01920 |   25.80 [ 23.01, 28.85]    1.50 [ -1.54,  4.38] |   -16.76 |  47.27
ull_fgra   2000  1.02 |   0.01920 |   10.22 [  8.50, 12.01]   21.49 [ 19.07, 24.02] |    -9.77 |  14.40
ull_fgra   2000  1.10 |   0.01920 |    0.00 [  0.00,  0.00]    0.17 [  0.07,  0.27] |     0.00 |   0.00
ull_fgra   2000  2.00 |   0.01920 |    0.00 [  0.00,  0.00]    0.06 [ -0.03,  0.15] |     0.00 |   0.00
ull_fgra   8000  1.00 |   0.02210 |   29.49 [ 26.27, 32.73]    4.94 [  1.49,  8.16] |   -15.94 |  46.80
ull_fgra   8000  1.02 |   0.02210 |   15.76 [ 13.49, 18.05]   24.68 [ 21.86, 27.70] |   -11.05 |  17.60
ull_fgra   8000  1.10 |   0.02210 |    0.00 [  0.00,  0.00]    0.64 [  0.43,  0.93] |     0.00 |   0.00
ull_fgra   8000  2.00 |   0.02210 |    0.00 [  0.00,  0.00]   -0.01 [ -0.11,  0.09] |     0.00 |   0.00
ull_fgra  32000  1.00 |   0.02388 |   29.52 [ 26.64, 32.55]    1.85 [ -1.47,  4.90] |   -16.78 |  48.47
ull_fgra  32000  1.02 |   0.02388 |   16.54 [ 14.32, 18.77]   23.56 [ 20.80, 26.51] |   -11.98 |  20.07
ull_fgra  32000  1.10 |   0.02388 |    0.00 [  0.00,  0.00]    1.35 [  1.07,  1.65] |     0.00 |   0.00
ull_fgra  32000  2.00 |   0.02388 |    0.00 [  0.00,  0.00]   -0.05 [ -0.18,  0.07] |     0.00 |   0.00

cells where clip >1% worse than raw: NONE
